1.0	0.24983388704318937	0.08327868852459017	0.07486979166666667	0.05595786701777485	0.049967126890203814	0.05519053876478318	0.056142668428005284	0.0462046204620462	0.038688524590163934	0.061224489795918366	0.06262359920896507	0.04218852999340804	0.04076265614727153	0.03302509907529723	0.03289473684210526	0.04045092838196287	0.03571428571428571	0.025657894736842105	0.03225806451612903	0.025049439683586024	0.024454725710508923	0.025232403718459494	0.022442244224422443	0.04808959156785244	0.04466666666666667	0.0398406374501992	0.028495692511597084	0.027134348113831898	0.03498349834983498	0.04539385847797063	0.02850877192982456	0.025678650036683785	0.018842530282637954	0.016315431679129844	0.012803234501347708	0.010259917920656635	0.004204625087596356	0.007047216349541931	0.008275862068965517	0.008174386920980926	0.006588579795021962	0.006369426751592357	0.007607192254495159	0.00937766410912191	0.007580978635423846	0.006686478454680535	0.00896551724137931	0.006548788474132285	0.0068775790921595595	0.00821917808219178	0.0063025210084033615	0.0087248322147651	0.01002004008016032	0.005988023952095809	0.006185567010309278	0.0055248618784530384	0.004861111111111111	0.003479471120389701	0.005291005291005291	0.002172338884866039	0.004135079255685734	0.004844290657439446	0.006765899864682003	0.007429420505200594
0.24983388704318937	1.0	0.17298735861610112	0.1042904290429043	0.10607071380920614	0.0814419225634179	0.07861425716189208	0.0962566844919786	0.0855614973262032	0.061835106382978726	0.09679572763684913	0.10073382254836558	0.04530313124583611	0.044029352901934625	0.04133333333333333	0.03933333333333333	0.04499664204163868	0.05823293172690763	0.0400266844563042	0.036048064085447265	0.030040053404539385	0.03415941058271936	0.029550033579583614	0.03549899531145345	0.07738492328218813	0.06292286874154263	0.05866486850977748	0.02620967741935484	0.024832214765100672	0.03074866310160428	0.03380662609871535	0.02442635085122132	0.030415430267062313	0.012951601908657124	0.012396694214876033	0.01432469304229195	0.011065006915629323	0.0049680624556423	0.007142857142857143	0.004888268156424581	0.004824259131633356	0.008888888888888889	0.010737294201861132	0.008385744234800839	0.007751937984496124	0.005578800557880056	0.006015037593984963	0.006968641114982578	0.0053085600530856005	0.006267409470752089	0.006245662734212352	0.004961020552799433	0.007462686567164179	0.00472972972972973	0.003032600454890068	0.0027874564459930314	0.0034916201117318434	0.0021082220660576245	0.0028169014084507044	0.002680965147453083	0.001467351430667645	0.002795248078266946	0.005614035087719298	0.0	0.010638297872340425
0.08327868852459017	0.17298735861610112	1.0	0.3035248041775457	0.1825972313777192	0.13965744400527008	0.1217906517445688	0.12491738268341045	0.11515552614162806	0.1115485564304462	0.12450592885375494	0.10039630118890357	0.05812417437252312	0.059947299077733864	0.053606882859033755	0.036939313984168866	0.0411413404114134	0.05632869449966865	0.03762376237623762	0.0316622691292876	0.033003300330033	0.03711066931742876	0.03523936170212766	0.03507610853739246	0.0627062706270627	0.058981233243967826	0.0533689126084056	0.02929427430093209	0.029197080291970802	0.033112582781456956	0.0361687876758205	0.02850877192982456	0.00951683748169839	0.023600809170600135	0.012987012987012988	0.009472259810554804	0.004118050789293068	0.008438818565400843	0.007077140835102618	0.008990318118948824	0.006830601092896175	0.012481644640234948	0.006396588486140725	0.009009009009009009	0.010221465076660987	0.009002770083102494	0.005961251862891207	0.006219765031098825	0.003939592908732764	0.004834254143646409	0.00410958904109589	0.006311360448807854	0.003360215053763441	0.0053583389149363695	0.006010518407212622	0.0034482758620689655	0.005536332179930796	0.005563282336578581	0.004189944134078212	0.003981420039814201	0.0043541364296081275	0.002073255010366275	0.004166666666666667	0.0013568521031207597	0.010416666666666666
0.07486979166666667	0.1042904290429043	0.3035248041775457	1.0	0.2362565445026178	0.16002612671456565	0.12336814621409922	0.13555992141453832	0.10236220472440945	0.09778357235984354	0.11321989528795812	0.08519003931847968	0.051735428945645055	0.04191224623444663	0.04136572554169402	0.040496407576747225	0.043506921555702044	0.05128205128205128	0.037303664921465966	0.030739045127534337	0.02619515389652914	0.034143138542350626	0.03823335530652604	0.04133858267716536	0.05816993464052288	0.05112881806108898	0.0488771466314399	0.04081632653061224	0.032279314888010543	0.028233749179251477	0.03253652058432935	0.0392156862745098	0.03197674418604651	0.030120481927710843	0.021665538253215978	0.015415549597855228	0.010190217391304348	0.010460251046025104	0.010533707865168539	0.01098901098901099	0.006765899864682003	0.015272727272727273	0.011980267794221282	0.008236101578586136	0.014394580863674851	0.0102880658436214	0.005917159763313609	0.00821917808219178	0.008458035133376708	0.006155950752393981	0.00816326530612245	0.012543554006968641	0.00733822548365577	0.007294429708222812	0.00744047619047619	0.004103967168262654	0.004810996563573883	0.0034554250172771253	0.004143646408839779	0.0065832784726793945	0.006493506493506494	0.01029512697323267	0.003443526170798898	0.0013458950201884253	0.0029850746268656717
0.05595786701777485	0.10607071380920614	0.1825972313777192	0.2362565445026178	1.0	0.24160631994733378	0.17282321899736147	0.15608465608465608	0.12217795484727756	0.12244897959183673	0.13143989431968295	0.09583608724388631	0.05092592592592592	0.052248677248677246	0.04376657824933687	0.04821664464993395	0.03666666666666667	0.05242203052422031	0.04103242885506287	0.039761431411530816	0.034482758620689655	0.03580901856763926	0.039254823685961414	0.04108681245858184	0.07208994708994709	0.0610738255033557	0.051333333333333335	0.05322687957418496	0.06790945406125166	0.047082228116710874	0.042924211938296444	0.041116005873715125	0.03679175864606328	0.02027027027027027	0.02459016393442623	0.014905149051490514	0.007565337001375516	0.009852216748768473	0.005653710247349823	0.007623007623007623	0.008207934336525308	0.011747430249632892	0.01065340909090909	0.0062413314840499305	0.015358361774744027	0.008339124391938846	0.00819672131147541	0.00554016620498615	0.007899934167215274	0.00414651002073255	0.007565337001375516	0.0035236081747709656	0.006729475100942127	0.005361930294906166	0.0037537537537537537	0.006915629322268326	0.006237006237006237	0.00906555090655509	0.006983240223463687	0.0019907100199071004	0.00510204081632653	0.0034626038781163434	0.004181184668989547	0.0	0.009036144578313253
0.049967126890203814	0.0814419225634179	0.13965744400527008	0.16002612671456565	0.24160631994733378	1.0	0.2966381015161503	0.17250495703899538	0.11273209549071618	0.1225296442687747	0.11756935270805813	0.06873760740251157	0.04365079365079365	0.04230006609385327	0.0456953642384106	0.04087013843111404	0.03723404255319149	0.050397877984084884	0.031599736668861095	0.031746031746031744	0.03242885506287227	0.038436050364479786	0.029940119760479042	0.036351619299405155	0.042328042328042326	0.03815261044176707	0.04136090727151434	0.025930851063829786	0.024601063829787235	0.027833001988071572	0.028187919463087248	0.03161764705882353	0.026509572901325478	0.016869095816464237	0.017064846416382253	0.013522650439486139	0.006858710562414266	0.005621925509486999	0.0049504950495049506	0.006920415224913495	0.0047814207650273225	0.00881704628949302	0.009232954545454546	0.007612456747404845	0.011045029736618521	0.007617728531855956	0.008928571428571428	0.006224066390041493	0.005917159763313609	0.004827586206896552	0.0075497597803706245	0.007022471910112359	0.004720161834120027	0.007367716008037508	0.0029985007496251873	0.004840940525587829	0.005559416261292564	0.0041841004184100415	0.0048814504881450485	0.0006640106241699867	0.003641660597232338	0.004851004851004851	0.0027816411682892906	0.0	0.004524886877828055
0.05519053876478318	0.07861425716189208	0.1217906517445688	0.12336814621409922	0.17282321899736147	0.2966381015161503	1.0	0.26455026455026454	0.13245033112582782	0.13328956007879186	0.11989459815546773	0.062169312169312166	0.04491413474240423	0.0495703899537343	0.04771371769383698	0.036231884057971016	0.04249667994687915	0.045665122435473195	0.038841342988808425	0.03493737640079104	0.03304692663582287	0.03249336870026525	0.03590425531914894	0.03708609271523179	0.046235138705416116	0.03678929765886288	0.04053156146179402	0.02327127659574468	0.027906976744186046	0.02774108322324967	0.028762541806020066	0.036656891495601175	0.029347028613352897	0.027609427609427608	0.017006802721088437	0.0196078431372549	0.025377229080932786	0.02108222066057625	0.01625441696113074	0.015172413793103448	0.010211027910142955	0.016812865497076022	0.012022630834512023	0.01522491349480969	0.011073253833049404	0.021423635107118175	0.009651076466221232	0.012413793103448275	0.013140604467805518	0.014482758620689656	0.012354152367879203	0.010518934081346423	0.010067114093959731	0.010040160642570281	0.008988764044943821	0.004830917874396135	0.0048543689320388345	0.0055671537926235215	0.004878048780487805	0.003978779840848806	0.005797101449275362	0.011049723756906077	0.005544005544005544	0.004054054054054054	0.010432190760059613
0.056142668428005284	0.0962566844919786	0.12491738268341045	0.13555992141453832	0.15608465608465608	0.17250495703899538	0.26455026455026454	1.0	0.2513262599469496	0.18642951251646903	0.15684976836532097	0.09126984126984126	0.05162144275314361	0.05231788079470199	0.051027170311464545	0.037037037037037035	0.04055851063829787	0.05319148936170213	0.0418049104180491	0.03245033112582781	0.0338420703384207	0.0339095744680851	0.03062583222370173	0.0371599203715992	0.05287508261731659	0.050369375419744795	0.046030687124749836	0.02731512325116589	0.021970705725699067	0.024568393094289508	0.028839704896042925	0.027126099706744868	0.026509572901325478	0.02032520325203252	0.012320328542094456	0.01016260162601626	0.006868131868131868	0.007032348804500703	0.007102272727272727	0.012474012474012475	0.00819672131147541	0.010271460014673514	0.013513513513513514	0.0062413314840499305	0.008547008547008548	0.0034698126301179735	0.007451564828614009	0.006237006237006237	0.0006600660066006601	0.004840940525587829	0.007565337001375516	0.006320224719101123	0.005398110661268556	0.005369127516778523	0.007501875468867217	0.004830917874396135	0.005547850208044383	0.0027835768963117608	0.005578800557880056	0.005329780146568954	0.002909090909090909	0.004158004158004158	0.0027816411682892906	0.0040595399188092015	0.01355421686746988
0.0462046204620462	0.0855614973262032	0.11515552614162806	0.10236220472440945	0.12217795484727756	0.11273209549071618	0.13245033112582782	0.2513262599469496	1.0	0.2862796833773087	0.18266048974189278	0.10697674418604651	0.06187624750499002	0.05847176079734219	0.05245683930942895	0.04572564612326044	0.034759358288770054	0.06070713809206137	0.0404777704047777	0.04045092838196287	0.025182239893969515	0.04397068620919387	0.026720106880427523	0.033288948069241014	0.05827814569536424	0.05178211163416274	0.04147157190635452	0.02601734489659773	0.02004008016032064	0.023286759813705923	0.026899798251513115	0.023529411764705882	0.03173431734317343	0.014925373134328358	0.01643835616438356	0.012907608695652174	0.008247422680412371	0.014064697609001406	0.005657708628005658	0.006925207756232687	0.0061770761839396015	0.010271460014673514	0.008553100498930863	0.009735744089012517	0.005128205128205128	0.009002770083102494	0.008227374719521317	0.006254343293954135	0.004629629629629629	0.006915629322268326	0.006901311249137336	0.004936530324400564	0.005412719891745603	0.004710632570659489	0.004511278195488722	0.01037344398340249	0.0027816411682892906	0.00558659217877095	0.0056022408963585435	0.0026720106880427524	0.002183406113537118	0.003465003465003465	0.0027816411682892906	0.0027137042062415195	0.0074850299401197605
0.038688524590163934	0.061835106382978726	0.1115485564304462	0.09778357235984354	0.12244897959183673	0.1225296442687747	0.13328956007879186	0.18642951251646903	0.2862796833773087	1.0	0.2583606557377049	0.09940750493745885	0.04865220249835635	0.053982883475971036	0.05866842452208306	0.05197368421052632	0.04045092838196287	0.047524752475247525	0.043506921555702044	0.03942181340341656	0.03823335530652604	0.03835978835978836	0.03122923588039867	0.03835978835978836	0.055994729907773384	0.05016722408026756	0.03652058432934927	0.021220159151193633	0.027134348113831898	0.029683377308707123	0.029392117568470273	0.02191380569758948	0.02126099706744868	0.02154882154882155	0.02108843537414966	0.010094212651413189	0.0047748976807639835	0.008385744234800839	0.009866102889358703	0.009648518263266712	0.010884353741496598	0.011695906432748537	0.009887005649717515	0.008281573498964804	0.010212765957446808	0.008990318118948824	0.01111934766493699	0.00895933838731909	0.005256241787122208	0.006185567010309278	0.006854009595613434	0.00700770847932726	0.0026845637583892616	0.0053475935828877	0.005235602094240838	0.006202618883528601	0.0034458993797381117	0.0048543689320388345	0.001389854065323141	0.0026542800265428003	0.005072463768115942	0.0027529249827942187	0.0027739251040221915	0.0027063599458728013	0.010447761194029851
0.061224489795918366	0.09679572763684913	0.12450592885375494	0.11321989528795812	0.13143989431968295	0.11756935270805813	0.11989459815546773	0.15684976836532097	0.18266048974189278	0.2583606557377049	1.0	0.14643799472295516	0.061305207646671064	0.061923583662714096	0.06080634500991408	0.05676567656765676	0.0538563829787234	0.06225165562913907	0.0488771466314399	0.041584158415841586	0.032407407407407406	0.046419098143236075	0.037308461025982675	0.054412740544127404	0.07072042300066093	0.05771812080536913	0.05193075898801598	0.02925531914893617	0.029860650298606503	0.02514890800794176	0.03279785809906292	0.04465592972181552	0.028655400440852314	0.01757944557133198	0.018404907975460124	0.013550135501355014	0.01304945054945055	0.013370865587614356	0.012720848056537103	0.01796821008984105	0.017053206002728513	0.02267739575713241	0.009922041105598866	0.011772853185595568	0.01192504258943782	0.007617728531855956	0.009672619047619048	0.005532503457814661	0.0079155672823219	0.008984105044920525	0.0068775790921595595	0.007017543859649123	0.006056527590847914	0.0047011417058428475	0.008988764044943821	0.009668508287292817	0.00693000693000693	0.006254343293954135	0.004181184668989547	0.00398406374501992	0.0036310820624546117	0.006920415224913495	0.003472222222222222	0.0040595399188092015	0.011976047904191617
0.06262359920896507	0.10073382254836558	0.10039630118890357	0.08519003931847968	0.09583608724388631	0.06873760740251157	0.062169312169312166	0.09126984126984126	0.10697674418604651	0.09940750493745885	0.14643799472295516	1.0	0.2602108036890646	0.1763540290620872	0.17328042328042328	0.11551155115511551	0.11752988047808766	0.15272244355909695	0.0760079312623926	0.07275132275132275	0.06295559973492379	0.09507978723404255	0.06613226452905811	0.07436918990703852	0.15343915343915343	0.09188464118041582	0.08477970627503338	0.04133333333333333	0.03666666666666667	0.03718459495351926	0.04832214765100671	0.052129221732745964	0.038348082595870206	0.018267929634641408	0.015710382513661202	0.012203389830508475	0.002059025394646534	0.011251758087201125	0.0056657223796034	0.000693000693000693	0.006155950752393981	0.006612784717119765	0.008540925266903915	0.007623007623007623	0.008547008547008548	0.009040333796940195	0.009723261032161555	0.0055248618784530384	0.005280528052805281	0.006925207756232687	0.007565337001375516	0.008450704225352112	0.004720161834120027	0.003355704697986577	0.005267118133935289	0.009002770083102494	0.0027739251040221915	0.0027835768963117608	0.0034940600978336828	0.002663115845539281	0.006564551422319475	0.002772002772002772	0.0020891364902506965	0.0027210884353741495	0.009022556390977444
0.04218852999340804	0.04530313124583611	0.05812417437252312	0.051735428945645055	0.05092592592592592	0.04365079365079365	0.04491413474240423	0.05162144275314361	0.06187624750499002	0.04865220249835635	0.061305207646671064	0.2602108036890646	1.0	0.30500658761528326	0.1784534038334435	0.13654353562005278	0.12691029900332226	0.126657824933687	0.08327825512227363	0.06935270805812417	0.06551952349437459	0.08068783068783068	0.07061958694203864	0.08084824387011266	0.09319233311302048	0.06430006697923643	0.05466666666666667	0.039280958721704395	0.03388704318936877	0.0357379219060225	0.04554588077695914	0.046886446886446886	0.03316138540899042	0.02097428958051421	0.017759562841530054	0.018957345971563982	0.010302197802197802	0.013370865587614356	0.00847457627118644	0.01245674740484429	0.00819672131147541	0.01466275659824047	0.014904187366926898	0.01590594744121715	0.015319148936170212	0.01457321304649549	0.013432835820895522	0.0082930200414651	0.0079155672823219	0.011756569847856155	0.0075445816186556925	0.008438818565400843	0.006720430107526882	0.010723860589812333	0.008270676691729323	0.0048375950241879755	0.006228373702422145	0.004864489228630994	0.003486750348675035	0.005319148936170213	0.008005822416302766	0.006915629322268326	0.001389854065323141	0.0067842605156037995	0.010510510510510511
0.04076265614727153	0.044029352901934625	0.059947299077733864	0.04191224623444663	0.052248677248677246	0.04230006609385327	0.0495703899537343	0.05231788079470199	0.05847176079734219	0.053982883475971036	0.061923583662714096	0.1763540290620872	0.30500658761528326	1.0	0.2820343461030383	0.14257425742574256	0.14124668435013263	0.11530815109343936	0.08327825512227363	0.06142668428005284	0.06490066225165562	0.08013245033112583	0.07133333333333333	0.0814569536423841	0.09385327164573695	0.0622906898861353	0.0533689126084056	0.03523936170212766	0.036544850498338874	0.03965631196298744	0.04484605087014726	0.03882783882783883	0.0213078618662748	0.016903313049357674	0.017783857729138167	0.017603249830737983	0.012354152367879203	0.011235955056179775	0.014883061658398299	0.01384083044982699	0.01161995898838004	0.012454212454212455	0.008504606661941885	0.014553014553014554	0.013605442176870748	0.013157894736842105	0.012667660208643815	0.010366275051831375	0.009210526315789473	0.01310344827586207	0.01098146877144818	0.009135628952916374	0.005372733378106112	0.006711409395973154	0.004497751124437781	0.004143646408839779	0.0034674063800277394	0.007676203768318213	0.006276150627615063	0.004651162790697674	0.007994186046511628	0.006224066390041493	0.002777777777777778	0.008130081300813009	0.006015037593984963
0.03302509907529723	0.04133333333333333	0.053606882859033755	0.04136572554169402	0.04376657824933687	0.0456953642384106	0.04771371769383698	0.051027170311464545	0.05245683930942895	0.05866842452208306	0.06080634500991408	0.17328042328042328	0.1784534038334435	0.2820343461030383	1.0	0.2721854304635762	0.20666666666666667	0.16600265604249667	0.1111111111111111	0.08327825512227363	0.08013245033112583	0.0915726609157266	0.07076101468624833	0.09096945551128818	0.10648148148148148	0.06720430107526881	0.0527369826435247	0.02996005326231691	0.031291611185086554	0.03838517538054269	0.03763440860215054	0.048458149779735685	0.034635224760501106	0.01967435549525102	0.01643835616438356	0.014266304347826086	0.0075497597803706245	0.006306937631394534	0.012056737588652482	0.013879250520471894	0.00955631399317406	0.011005135730007337	0.009943181818181818	0.010402219140083218	0.001697792869269949	0.01038781163434903	0.009708737864077669	0.011065006915629323	0.006596306068601583	0.009668508287292817	0.0034458993797381117	0.004933051444679351	0.004710632570659489	0.005372733378106112	0.009752438109527382	0.003457814661134163	0.00693000693000693	0.0027816411682892906	0.004884856943475227	0.002664890073284477	0.005813953488372093	0.004851004851004851	0.003481894150417827	0.008086253369272238	0.01355421686746988
0.03289473684210526	0.03933333333333333	0.036939313984168866	0.040496407576747225	0.04821664464993395	0.04087013843111404	0.036231884057971016	0.037037037037037035	0.04572564612326044	0.05197368421052632	0.05676567656765676	0.11551155115511551	0.13654353562005278	0.14257425742574256	0.2721854304635762	1.0	0.3134920634920635	0.16677696889477167	0.0861275476660092	0.07712590639419907	0.07321899736147758	0.08134920634920635	0.0678191489361702	0.0787037037037037	0.08850726552179657	0.051333333333333335	0.04983388704318937	0.0404777704047777	0.02925531914893617	0.037061548643282594	0.03688799463447351	0.036683785766691124	0.041116005873715125	0.018218623481781375	0.019099590723055934	0.014864864864864866	0.0205761316872428	0.02108222066057625	0.014134275618374558	0.021408839779005526	0.016382252559726963	0.023494860499265784	0.02269503546099291	0.02073255010366275	0.024765157984628524	0.02902557014512785	0.028953229398663696	0.013130615065653075	0.012491781722550954	0.009648518263266712	0.005479452054794521	0.009838369641602248	0.005390835579514825	0.00670690811535882	0.009730538922155689	0.01171605789110958	0.01384083044982699	0.008362369337979094	0.006954102920723227	0.00796812749003984	0.00872093023255814	0.013821700069108501	0.004851004851004851	0.0067842605156037995	0.011976047904191617
0.04045092838196287	0.04499664204163868	0.0411413404114134	0.043506921555702044	0.03666666666666667	0.03723404255319149	0.04249667994687915	0.04055851063829787	0.034759358288770054	0.04045092838196287	0.0538563829787234	0.11752988047808766	0.12691029900332226	0.14124668435013263	0.20666666666666667	0.3134920634920635	1.0	0.22288755821689954	0.099535500995355	0.0781974817760106	0.08982035928143713	0.09926715522984676	0.06639839034205232	0.09121171770972038	0.09580838323353294	0.07123655913978495	0.05023442732752847	0.040106951871657755	0.03938584779706275	0.03935957304869913	0.04716981132075472	0.038348082595870206	0.03023598820058997	0.019727891156462583	0.01510989010989011	0.013633265167007498	0.008977900552486187	0.00778485491861288	0.007829181494661922	0.01250868658790827	0.0054869684499314125	0.01105379513633014	0.007834757834757835	0.009742519137091163	0.008605851979345954	0.005563282336578581	0.008208955223880597	0.0062413314840499305	0.008609271523178808	0.009715475364330326	0.008940852819807428	0.006351446718419196	0.008113590263691683	0.007442489851150203	0.010510510510510511	0.01386001386001386	0.0062717770034843206	0.005606166783461808	0.004888268156424581	0.004685408299866131	0.008733624454148471	0.011103400416377515	0.007676203768318213	0.0013550135501355014	0.006015037593984963
0.03571428571428571	0.05823293172690763	0.05632869449966865	0.05128205128205128	0.05242203052422031	0.050397877984084884	0.045665122435473195	0.05319148936170213	0.06070713809206137	0.047524752475247525	0.06225165562913907	0.15272244355909695	0.126657824933687	0.11530815109343936	0.16600265604249667	0.16677696889477167	0.22288755821689954	1.0	0.2002643754130866	0.1142668428005284	0.11604774535809019	0.14437086092715232	0.09926715522984676	0.13222591362126246	0.1675496688741722	0.08512064343163539	0.08455392809587217	0.043941411451398134	0.04330446369087275	0.047619047619047616	0.0535833891493637	0.05787545787545788	0.02718589272593681	0.01964769647696477	0.02185792349726776	0.014895057549085985	0.01443298969072165	0.009167842031029619	0.01272984441301273	0.011065006915629323	0.01430517711171662	0.019823788546255508	0.01065340909090909	0.007617728531855956	0.015410958904109588	0.015961138098542677	0.023099850968703428	0.021438450899031812	0.01784534038334435	0.011756569847856155	0.013085399449035813	0.014054813773717497	0.007412398921832884	0.008742434431741762	0.0149812734082397	0.008971704623878536	0.012482662968099861	0.009084556254367574	0.00697350069735007	0.009993337774816789	0.013062409288824383	0.01310344827586207	0.01043115438108484	0.009472259810554804	0.018072289156626505
0.025657894736842105	0.0400266844563042	0.03762376237623762	0.037303664921465966	0.04103242885506287	0.031599736668861095	0.038841342988808425	0.0418049104180491	0.0404777704047777	0.043506921555702044	0.0488771466314399	0.0760079312623926	0.08327825512227363	0.08327825512227363	0.1111111111111111	0.0861275476660092	0.099535500995355	0.2002643754130866	1.0	0.2859025032938076	0.21862615587846765	0.1727332892124421	0.13222591362126246	0.12103174603174603	0.13738441215323646	0.07409879839786382	0.06054557551563539	0.034528552456839307	0.03920265780730897	0.037698412698412696	0.0482897384305835	0.045454545454545456	0.03600293901542983	0.02638700947225981	0.020435967302452316	0.018931710615280595	0.009615384615384616	0.010541110330288124	0.008480565371024734	0.010344827586206896	0.010906612133605999	0.013899049012435992	0.012031139419674451	0.009675190048375951	0.00937766410912191	0.006219765031098825	0.010385756676557863	0.013094417643004824	0.01184990125082291	0.013764624913971095	0.011651816312542838	0.011929824561403509	0.006056527590847914	0.006711409395973154	0.008975317875841436	0.013812154696132596	0.011756569847856155	0.005563282336578581	0.0041753653444676405	0.004651162790697674	0.00435097897026831	0.006215469613259668	0.008321775312066574	0.0027210884353741495	0.004491017964071856
0.03225806451612903	0.036048064085447265	0.0316622691292876	0.030739045127534337	0.039761431411530816	0.031746031746031744	0.03493737640079104	0.03245033112582781	0.04045092838196287	0.03942181340341656	0.041584158415841586	0.07275132275132275	0.06935270805812417	0.06142668428005284	0.08327825512227363	0.07712590639419907	0.0781974817760106	0.1142668428005284	0.2859025032938076	1.0	0.2980263157894737	0.14011896893588896	0.10617120106171202	0.11390728476821192	0.09900990099009901	0.05551839464882943	0.05371352785145889	0.039176626826029216	0.039761431411530816	0.029722589167767502	0.04138851802403204	0.032846715328467155	0.03296703296703297	0.026351351351351353	0.020477815699658702	0.02025658338960162	0.013689253935660506	0.01330532212885154	0.011283497884344146	0.011732229123533472	0.010197144799456152	0.010226442658875092	0.00778485491861288	0.011740331491712707	0.016156462585034014	0.013831258644536652	0.009643916913946587	0.014482758620689656	0.013166556945358789	0.024759284731774415	0.01780821917808219	0.01469559132260322	0.010067114093959731	0.008026755852842809	0.015671641791044775	0.009635237439779766	0.007586206896551724	0.007644197359277276	0.011805555555555555	0.009940357852882704	0.007947976878612716	0.008264462809917356	0.0082930200414651	0.0040595399188092015	0.01046337817638266
0.025049439683586024	0.030040053404539385	0.033003300330033	0.02619515389652914	0.034482758620689655	0.03242885506287227	0.03304692663582287	0.0338420703384207	0.025182239893969515	0.03823335530652604	0.032407407407407406	0.06295559973492379	0.06551952349437459	0.06490066225165562	0.08013245033112583	0.07321899736147758	0.08982035928143713	0.11604774535809019	0.21862615587846765	0.2980263157894737	1.0	0.2157511581733951	0.14285714285714285	0.1358515573227303	0.10634081902245707	0.05767940979208585	0.054036024016010674	0.03	0.03920265780730897	0.04105960264900662	0.04691689008042895	0.0380952380952381	0.029390154298310066	0.025084745762711864	0.013679890560875513	0.014218009478672985	0.009608785175017159	0.012658227848101266	0.007790368271954674	0.01386001386001386	0.006830601092896175	0.01173881144534116	0.009265858873841768	0.015246015246015246	0.015384615384615385	0.01178101178101178	0.01046337817638266	0.01522491349480969	0.014492753623188406	0.02	0.017881705639614855	0.014074595355383532	0.007417397167902899	0.01006036217303823	0.012781954887218045	0.008971704623878536	0.011088011088011088	0.00766016713091922	0.006263048016701462	0.00796812749003984	0.007982583454281567	0.009675190048375951	0.006939625260235947	0.006775067750677507	0.015015015015015015
0.024454725710508923	0.03415941058271936	0.03711066931742876	0.034143138542350626	0.03580901856763926	0.038436050364479786	0.03249336870026525	0.0339095744680851	0.04397068620919387	0.03835978835978836	0.046419098143236075	0.09507978723404255	0.08068783068783068	0.08013245033112583	0.0915726609157266	0.08134920634920635	0.09926715522984676	0.14437086092715232	0.1727332892124421	0.14011896893588896	0.2157511581733951	1.0	0.2757475083056478	0.19391131700860356	0.17767503302509907	0.07558528428093646	0.07195203197868089	0.03652058432934927	0.043275632490013316	0.041749502982107355	0.052313883299798795	0.04618768328445748	0.03161764705882353	0.023019634394041977	0.019835841313269494	0.014208389715832206	0.006181318681318681	0.007027406886858749	0.012720848056537103	0.006232686980609419	0.0068212824010914054	0.009523809523809525	0.01279317697228145	0.010366275051831375	0.011073253833049404	0.009009009009009009	0.014136904761904762	0.006906077348066298	0.00991407799074686	0.012430939226519336	0.009608785175017159	0.007724719101123595	0.008748317631224764	0.005376344086021506	0.0074850299401197605	0.008977900552486187	0.007617728531855956	0.008379888268156424	0.005563282336578581	0.00867244829886591	0.008695652173913044	0.006215469613259668	0.006939625260235947	0.0040650406504065045	0.010510510510510511
0.025232403718459494	0.029550033579583614	0.03523936170212766	0.03823335530652604	0.039254823685961414	0.029940119760479042	0.03590425531914894	0.03062583222370173	0.026720106880427523	0.03122923588039867	0.037308461025982675	0.06613226452905811	0.07061958694203864	0.07133333333333333	0.07076101468624833	0.0678191489361702	0.06639839034205232	0.09926715522984676	0.13222591362126246	0.10617120106171202	0.14285714285714285	0.2757475083056478	1.0	0.2901726427622842	0.1542025148908008	0.06590450571620712	0.05953177257525084	0.04074816299265197	0.03740814963259853	0.043853820598006646	0.0545822102425876	0.0508100147275405	0.03173431734317343	0.027891156462585033	0.02200825309491059	0.016315431679129844	0.011065006915629323	0.016231474947071278	0.009213323883770375	0.007638888888888889	0.0061643835616438354	0.006622516556291391	0.005706134094151213	0.010416666666666666	0.010300429184549357	0.009735744089012517	0.017228464419475654	0.013869625520110958	0.009940357852882704	0.016643550624133148	0.016563146997929608	0.014104372355430184	0.013513513513513514	0.012794612794612794	0.011286681715575621	0.018711018711018712	0.020847810979847115	0.016794961511546535	0.015427769985974754	0.01002004008016032	0.008733624454148471	0.011103400416377515	0.004884856943475227	0.006802721088435374	0.01661631419939577
0.022442244224422443	0.03549899531145345	0.03507610853739246	0.04133858267716536	0.04108681245858184	0.036351619299405155	0.03708609271523179	0.0371599203715992	0.033288948069241014	0.03835978835978836	0.054412740544127404	0.07436918990703852	0.08084824387011266	0.0814569536423841	0.09096945551128818	0.0787037037037037	0.09121171770972038	0.13222591362126246	0.12103174603174603	0.11390728476821192	0.1358515573227303	0.19391131700860356	0.2901726427622842	1.0	0.24703557312252963	0.07702612190221031	0.07994670219853431	0.046635576282478344	0.05186170212765957	0.04230006609385327	0.05574210879785091	0.05722670579603815	0.03532008830022075	0.025	0.01779603011635866	0.018970189701897018	0.007554945054945055	0.015460295151089248	0.010615711252653927	0.01037344398340249	0.008861622358554875	0.011756061719324026	0.009943181818181818	0.01037344398340249	0.011092150170648464	0.009715475364330326	0.009687034277198211	0.013812154696132596	0.006600660066006601	0.014512785072563926	0.013745704467353952	0.010548523206751054	0.014160485502360081	0.014131897711978465	0.015037593984962405	0.016574585635359115	0.02294853963838665	0.01674808094905792	0.013956734124214934	0.0066711140760507	0.011611030478955007	0.011764705882352941	0.009742519137091163	0.0067842605156037995	0.021021021021021023
0.04808959156785244	0.07738492328218813	0.0627062706270627	0.05816993464052288	0.07208994708994709	0.042328042328042326	0.046235138705416116	0.05287508261731659	0.05827814569536424	0.055994729907773384	0.07072042300066093	0.15343915343915343	0.09319233311302048	0.09385327164573695	0.10648148148148148	0.08850726552179657	0.09580838323353294	0.1675496688741722	0.13738441215323646	0.09900990099009901	0.10634081902245707	0.17767503302509907	0.1542025148908008	0.24703557312252963	1.0	0.17725752508361203	0.1362126245847176	0.06440903054448871	0.05976095617529881	0.06530343007915568	0.06894243641231593	0.08485735186539868	0.054252199413489736	0.027721433400946585	0.01707650273224044	0.012837837837837839	0.012345679012345678	0.013314646110721794	0.008486562942008486	0.00759144237405107	0.006126616746085773	0.017569546120058566	0.0063784549964564135	0.011042097998619738	0.02297872340425532	0.014542936288088643	0.01486988847583643	0.011026878015161957	0.006578947368421052	0.00895933838731909	0.0075394105551747775	0.00980392156862745	0.00738255033557047	0.008032128514056224	0.006721433905899925	0.007586206896551724	0.006920415224913495	0.008350730688935281	0.006963788300835654	0.004648074369189907	0.008689355539464157	0.008275862068965517	0.004857737682165163	0.0027100271002710027	0.022388059701492536
0.04466666666666667	0.06292286874154263	0.058981233243967826	0.05112881806108898	0.0610738255033557	0.03815261044176707	0.03678929765886288	0.050369375419744795	0.05178211163416274	0.05016722408026756	0.05771812080536913	0.09188464118041582	0.06430006697923643	0.0622906898861353	0.06720430107526881	0.051333333333333335	0.07123655913978495	0.08512064343163539	0.07409879839786382	0.05551839464882943	0.05767940979208585	0.07558528428093646	0.06590450571620712	0.07702612190221031	0.17725752508361203	1.0	0.3203230148048452	0.14093959731543623	0.09973045822102426	0.12182061579651941	0.1162947937795808	0.10561299852289513	0.07275426874536006	0.048431105047748974	0.04198210598761184	0.02663934426229508	0.0125	0.017094017094017096	0.01496792587312901	0.017458100558659217	0.009668508287292817	0.013293943870014771	0.010043041606886656	0.015395381385584325	0.01904761904761905	0.015341701534170154	0.017923823749066467	0.015309672929714684	0.008	0.0076495132127955496	0.009009009009009009	0.009226401703335699	0.010197144799456152	0.0101763907734057	0.009036144578313253	0.011846689895470384	0.007703081232492998	0.013399153737658674	0.011896431070678797	0.006724949562878279	0.010932944606413994	0.016016713091922007	0.009110021023125438	0.004087193460490463	0.0406015037593985
0.0398406374501992	0.05866486850977748	0.0533689126084056	0.0488771466314399	0.051333333333333335	0.04136090727151434	0.04053156146179402	0.046030687124749836	0.04147157190635452	0.03652058432934927	0.05193075898801598	0.08477970627503338	0.05466666666666667	0.0533689126084056	0.0527369826435247	0.04983388704318937	0.05023442732752847	0.08455392809587217	0.06054557551563539	0.05371352785145889	0.054036024016010674	0.07195203197868089	0.05953177257525084	0.07994670219853431	0.1362126245847176	0.3203230148048452	1.0	0.27430093209054596	0.16032064128256512	0.15119363395225463	0.13584398117014124	0.13269794721407624	0.07680945347119646	0.05634758995247793	0.02880658436213992	0.023113528212100613	0.01932367149758454	0.012667135819845179	0.0120652945351313	0.018698060941828253	0.01163586584531143	0.014684287812041116	0.015636105188343994	0.013879250520471894	0.01713796058269066	0.015309672929714684	0.016430171769977596	0.011830201809324982	0.00998003992015968	0.009708737864077669	0.010380622837370242	0.009167842031029619	0.007427413909520594	0.008113590263691683	0.0067618332081141996	0.008333333333333333	0.009046624913013222	0.008403361344537815	0.007708479327259986	0.006697923643670462	0.002183406113537118	0.004166666666666667	0.006983240223463687	0.002728512960436562	0.0
0.028495692511597084	0.02620967741935484	0.02929427430093209	0.04081632653061224	0.05322687957418496	0.025930851063829786	0.02327127659574468	0.02731512325116589	0.02601734489659773	0.021220159151193633	0.02925531914893617	0.04133333333333333	0.039280958721704395	0.03523936170212766	0.02996005326231691	0.0404777704047777	0.040106951871657755	0.043941411451398134	0.034528552456839307	0.039176626826029216	0.03	0.03652058432934927	0.04074816299265197	0.046635576282478344	0.06440903054448871	0.14093959731543623	0.27430093209054596	1.0	0.29086057371581053	0.2292909211398277	0.16733870967741934	0.12555066079295155	0.07675276752767528	0.061653116531165314	0.03292181069958848	0.03801765105227427	0.022727272727272728	0.017642907551164433	0.009226401703335699	0.014583333333333334	0.0102880658436214	0.012490815576781777	0.01496792587312901	0.013869625520110958	0.012864493996569469	0.018030513176144243	0.015671641791044775	0.019417475728155338	0.00728476821192053	0.013850415512465374	0.015161957270847692	0.011291460832745237	0.01282051282051282	0.01417004048582996	0.015789473684210527	0.006228373702422145	0.013917884481558803	0.015395381385584325	0.00980392156862745	0.008695652173913044	0.011653313911143482	0.0125	0.01047486033519553	0.012162162162162163	0.02710843373493976
0.027134348113831898	0.024832214765100672	0.029197080291970802	0.032279314888010543	0.06790945406125166	0.024601063829787235	0.027906976744186046	0.021970705725699067	0.02004008016032064	0.027134348113831898	0.029860650298606503	0.03666666666666667	0.03388704318936877	0.036544850498338874	0.031291611185086554	0.02925531914893617	0.03938584779706275	0.04330446369087275	0.03920265780730897	0.039761431411530816	0.03920265780730897	0.043275632490013316	0.03740814963259853	0.05186170212765957	0.05976095617529881	0.09973045822102426	0.16032064128256512	0.29086057371581053	1.0	0.3282493368700265	0.1797979797979798	0.11021307861866275	0.07982261640798226	0.07070020394289599	0.05490734385724091	0.03874915023793338	0.023383768913342505	0.019746121297602257	0.017057569296375266	0.021483021483021482	0.015753424657534248	0.020542920029347028	0.01775568181818182	0.01593901593901594	0.018835616438356163	0.018043025676613464	0.02692595362752431	0.031922276197085354	0.01786896095301125	0.02494802494802495	0.020703933747412008	0.02112676056338028	0.014854827819041188	0.016891891891891893	0.018796992481203006	0.017993079584775088	0.021512838306731435	0.015373864430468204	0.01607267645003494	0.014037433155080214	0.018221574344023325	0.020124913254684247	0.021632937892533146	0.009549795361527967	0.024024024024024024
0.03498349834983498	0.03074866310160428	0.033112582781456956	0.028233749179251477	0.047082228116710874	0.027833001988071572	0.02774108322324967	0.024568393094289508	0.023286759813705923	0.029683377308707123	0.02514890800794176	0.03718459495351926	0.0357379219060225	0.03965631196298744	0.03838517538054269	0.037061548643282594	0.03935957304869913	0.047619047619047616	0.037698412698412696	0.029722589167767502	0.04105960264900662	0.041749502982107355	0.043853820598006646	0.04230006609385327	0.06530343007915568	0.12182061579651941	0.15119363395225463	0.2292909211398277	0.3282493368700265	1.0	0.3059452237808951	0.15306122448979592	0.09331373989713446	0.08490566037735849	0.06612133605998637	0.04051316677920324	0.01980874316939891	0.020322354590049056	0.020451339915373765	0.026188835286009647	0.015678254942058625	0.01823486506199854	0.016265912305516265	0.020689655172413793	0.026405451448040886	0.013812154696132596	0.020802377414561663	0.015883977900552487	0.011873350923482849	0.015141087405368204	0.01304945054945055	0.0161177295024527	0.008730691739422432	0.015425888665325285	0.01868460388639761	0.015193370165745856	0.018646408839779006	0.017373175816539264	0.018789144050104383	0.013953488372093023	0.016630513376717282	0.01652892561983471	0.018055555555555554	0.010796221322537112	0.0344311377245509
