1.0	0.12093023255813953	0.021639344262295083	0.024739583333333332	0.02304147465437788	0.01643655489809336	0.01971090670170828	0.0178335535006605	0.014521452145214522	0.012459016393442624	0.019749835418038184	0.025049439683586024	0.013843111404087014	0.015779092702169626	0.011228533685601057	0.010526315789473684	0.013262599469496022	0.013888888888888888	0.01118421052631579	0.01053324555628703	0.008569545154911009	0.005287508261731659	0.00796812749003984	0.010561056105610561	0.014492753623188406	0.014	0.014608233731739707	0.00927766732935719	0.007941760423560556	0.009900990099009901	0.015353805073431242	0.01023391812865497	0.00880410858400587	0.004037685060565276	0.004758667573079538	0.004043126684636119	0.002051983584131327	0.000700770847932726	0.0007047216349541931	0.0034482758620689655	0.004087193460490463	0.0021961932650073207	0.0014154281670205238	0.002074688796680498	0.0017050298380221654	0.0027567195037904893	0.0007429420505200594	0.0034482758620689655	0.0013097576948264572	0.0	0.002054794520547945	0.0028011204481792717	0.0026845637583892616	0.004676018704074816	0.0007485029940119761	0.002061855670103093	0.0006906077348066298	0.001388888888888889	0.0	0.0026455026455026454	0.000724112961622013	0.0006891798759476223	0.0006920415224913495	0.0013531799729364006	0.0029717682020802376
0.12093023255813953	1.0	0.06453759148369927	0.036303630363036306	0.03669112741827885	0.025367156208277702	0.029313790806129246	0.029411764705882353	0.02807486631016043	0.0199468085106383	0.030040053404539385	0.04336224149432955	0.011992005329780146	0.01134089392928619	0.01	0.013333333333333334	0.014103425117528543	0.019410977242302542	0.01134089392928619	0.011348464619492658	0.01335113484646195	0.012056262558606833	0.006044325050369375	0.009377093101138647	0.024683122081387593	0.022327469553450607	0.018880647336480108	0.009408602150537635	0.00738255033557047	0.008689839572192513	0.010818120351588911	0.010362694300518135	0.004451038575667656	0.0027266530334014998	0.0048209366391184574	0.0034106412005457027	0.002074688796680498	0.0035486160397444995	0.0007142857142857143	0.0	0.0013783597518952446	0.0014814814814814814	0.0014316392269148174	0.001397624039133473	0.0008613264427217916	0.0	0.0030075187969924814	0.0013937282229965157	0.0013271400132714001	0.002785515320334262	0.002775850104094379	0.001417434443656981	0.0027137042062415195	0.002027027027027027	0.001516300227445034	0.0020905923344947735	0.002094972067039106	0.0007027406886858749	0.0014084507042253522	0.0013404825737265416	0.0	0.0006988120195667365	0.0014035087719298245	0.0	0.004559270516717325
0.021639344262295083	0.06453759148369927	1.0	0.13642297650130547	0.07514831905075807	0.041501976284584984	0.04608294930875576	0.04824851288830139	0.037061548643282594	0.04068241469816273	0.05006587615283267	0.03632760898282695	0.022457067371202115	0.021739130434782608	0.01257445400397088	0.009894459102902375	0.0092899800928998	0.01656726308813784	0.014521452145214522	0.0079155672823219	0.011221122112211221	0.013253810470510271	0.009308510638297872	0.010589013898080741	0.015841584158415842	0.020777479892761394	0.02134756504336224	0.009986684420772303	0.0092899800928998	0.008609271523178808	0.009377093101138647	0.008771929824561403	0.0007320644216691069	0.008091706001348618	0.003417634996582365	0.0027063599458728013	0.0013726835964310226	0.0014064697609001407	0.0014154281670205238	0.0013831258644536654	0.0020491803278688526	0.003671071953010279	0.0021321961620469083	0.001386001386001386	0.002555366269165247	0.0034626038781163434	0.0022354694485842027	0.0034554250172771253	0.0013131976362442547	0.0	0.0	0.002805049088359046	0.0006720430107526882	0.0026791694574681848	0.0007513148009015778	0.000689655172413793	0.0034602076124567475	0.0013908205841446453	0.0013966480446927375	0.0019907100199071004	0.0	0.0	0.0020833333333333333	0.0	0.002976190476190476
0.024739583333333332	0.036303630363036306	0.13642297650130547	1.0	0.09816753926701571	0.05747877204441541	0.0489556135770235	0.05304518664047151	0.03215223097112861	0.03259452411994785	0.04450261780104712	0.030799475753604193	0.020301244269810084	0.015062213490504257	0.013788575180564675	0.011757021554539516	0.015161502966381015	0.012491781722550954	0.010471204188481676	0.011772400261608895	0.011787819253438114	0.013788575180564675	0.012524719841793012	0.015748031496062992	0.02091503267973856	0.01195219123505976	0.012549537648612946	0.01119157340355497	0.007246376811594203	0.006565988181221274	0.011288180610889775	0.015250544662309368	0.005813953488372093	0.012048192771084338	0.008801624915368992	0.00938337801608579	0.002717391304347826	0.0020920502092050207	0.002106741573033708	0.0027472527472527475	0.0033829499323410014	0.005090909090909091	0.0035236081747709656	0.002745367192862045	0.003386960203217612	0.003429355281207133	0.0029585798816568047	0.003424657534246575	0.003903708523096942	0.002051983584131327	0.0027210884353741495	0.0020905923344947735	0.00266844563042028	0.002652519893899204	0.002976190476190476	0.002051983584131327	0.0013745704467353953	0.00138217000691085	0.0013812154696132596	0.0013166556945358788	0.0007215007215007215	0.004118050789293068	0.0	0.0	0.0014925373134328358
0.02304147465437788	0.03669112741827885	0.07514831905075807	0.09816753926701571	1.0	0.10072416063199473	0.06530343007915568	0.06481481481481481	0.04183266932270916	0.041474654377880185	0.046235138705416116	0.0356906807666887	0.015873015873015872	0.015873015873015872	0.013262599469496022	0.017173051519154558	0.01	0.011944260119442602	0.013236267372600927	0.010603048376408217	0.015251989389920425	0.011936339522546418	0.010645375914836993	0.012591119946984758	0.023148148148148147	0.021476510067114093	0.010666666666666666	0.017964071856287425	0.03062583222370173	0.015251989389920425	0.012072434607645875	0.016886930983847283	0.01177336276674025	0.008783783783783784	0.011612021857923498	0.0040650406504065045	0.0020632737276478678	0.00211118930330753	0.0007067137809187279	0.002772002772002772	0.0006839945280437756	0.0022026431718061676	0.002130681818181818	0.0020804438280166435	0.005972696245733789	0.001389854065323141	0.0007451564828614009	0.0006925207756232687	0.0026333113890717576	0.000691085003455425	0.000687757909215956	0.0007047216349541931	0.0013458950201884253	0.0020107238605898124	0.0007507507507507507	0.0013831258644536654	0.001386001386001386	0.001394700139470014	0.0013966480446927375	0.0013271400132714001	0.002186588921282799	0.0	0.0013937282229965157	0.0	0.0030120481927710845
0.01643655489809336	0.025367156208277702	0.041501976284584984	0.05747877204441541	0.10072416063199473	1.0	0.14436387607119314	0.0667547918043622	0.04442970822281167	0.04413702239789196	0.046235138705416116	0.021150033046926635	0.009259259259259259	0.01520158625247852	0.010596026490066225	0.013183915622940013	0.00997340425531915	0.01790450928381963	0.009216589861751152	0.010582010582010581	0.009265387160820648	0.017229953611663355	0.00998003992015968	0.014540647719762063	0.008597883597883597	0.012717536813922356	0.01134089392928619	0.005984042553191489	0.00997340425531915	0.00728959575878065	0.00738255033557047	0.009558823529411765	0.008836524300441826	0.005398110661268556	0.0020477815699658703	0.004732927653820149	0.0027434842249657062	0.0014054813773717498	0.0014144271570014145	0.0006920415224913495	0.001366120218579235	0.0029390154298310064	0.0035511363636363635	0.001384083044982699	0.005097706032285472	0.002770083102493075	0.001488095238095238	0.0013831258644536654	0.003287310979618672	0.0020689655172413794	0.002745367192862045	0.0014044943820224719	0.0020229265003371545	0.0026791694574681848	0.0007496251874062968	0.0013831258644536654	0.0006949270326615705	0.002789400278940028	0.000697350069735007	0.0	0.0029133284777858705	0.000693000693000693	0.0006954102920723226	0.0	0.0015082956259426848
0.01971090670170828	0.029313790806129246	0.04608294930875576	0.0489556135770235	0.06530343007915568	0.14436387607119314	1.0	0.11838624338624339	0.045033112582781455	0.04202232435981615	0.032279314888010543	0.021164021164021163	0.013870541611624834	0.016523463317911435	0.013916500994035786	0.011857707509881422	0.015272244355909695	0.01654533421575116	0.01184990125082291	0.01054713249835201	0.008592200925313946	0.009283819628647215	0.014627659574468085	0.011258278145695364	0.015852047556142668	0.010033444816053512	0.013953488372093023	0.009308510638297872	0.009302325581395349	0.0059445178335535	0.006688963210702341	0.013196480938416423	0.007336757153338224	0.008754208754208754	0.004081632653061225	0.00878972278566599	0.0102880658436214	0.007027406886858749	0.007067137809187279	0.004827586206896552	0.002722940776038121	0.005847953216374269	0.003536067892503536	0.0034602076124567475	0.004258943781942078	0.00414651002073255	0.0	0.002758620689655172	0.0032851511169513796	0.005517241379310344	0.00549073438572409	0.0035063113604488078	0.0026845637583892616	0.002677376171352075	0.00149812734082397	0.0013802622498274672	0.0	0.0006958942240779402	0.0	0.001326259946949602	0.0014492753623188406	0.004834254143646409	0.002079002079002079	0.0013513513513513514	0.0
0.0178335535006605	0.029411764705882353	0.04824851288830139	0.05304518664047151	0.06481481481481481	0.0667547918043622	0.11838624338624339	1.0	0.10543766578249338	0.0691699604743083	0.05294506949040371	0.031746031746031744	0.013236267372600927	0.01390728476821192	0.0145791915175613	0.011243386243386243	0.011968085106382979	0.018617021276595744	0.015262110152621102	0.009933774834437087	0.007962840079628402	0.011303191489361703	0.009320905459387484	0.008626410086264101	0.021810971579643092	0.01880456682337139	0.012675116744496331	0.009327115256495669	0.009320905459387484	0.009296148738379814	0.008048289738430584	0.008064516129032258	0.007363770250368188	0.006097560975609756	0.004791238877481177	0.0033875338753387536	0.0020604395604395605	0.002109704641350211	0.0007102272727272727	0.002772002772002772	0.0034153005464480873	0.003668378576669112	0.004978662873399715	0.0020804438280166435	0.002564102564102564	0.0006939625260235947	0.0014903129657228018	0.001386001386001386	0.0	0.002074688796680498	0.004814305364511692	0.0014044943820224719	0.001349527665317139	0.0013422818791946308	0.0037509377344336083	0.0006901311249137336	0.0013869625520110957	0.0	0.000697350069735007	0.0	0.0	0.000693000693000693	0.0013908205841446453	0.0013531799729364006	0.0030120481927710845
0.014521452145214522	0.02807486631016043	0.037061548643282594	0.03215223097112861	0.04183266932270916	0.04442970822281167	0.045033112582781455	0.10543766578249338	1.0	0.11609498680738786	0.05956320317670417	0.0345514950166113	0.021290751829673986	0.013953488372093023	0.020584329349269587	0.01656726308813784	0.01270053475935829	0.02134756504336224	0.009953550099535502	0.011273209549071617	0.00728959575878065	0.013324450366422385	0.01002004008016032	0.008655126498002663	0.018543046357615896	0.016812373907195696	0.010702341137123745	0.00733822548365577	0.008684034736138945	0.00332667997338656	0.00605245460659045	0.008823529411764706	0.006642066420664207	0.0013568521031207597	0.00410958904109589	0.0033967391304347825	0.0027491408934707906	0.004219409282700422	0.0014144271570014145	0.0013850415512465374	0.0006863417982155113	0.0022010271460014674	0.0021382751247327157	0.0013908205841446453	0.0017094017094017094	0.0013850415512465374	0.0037397157816005983	0.0006949270326615705	0.0013227513227513227	0.0027662517289073307	0.002070393374741201	0.0021156558533145277	0.0020297699594046007	0.0026917900403768506	0.0015037593984962407	0.0006915629322268327	0.0013908205841446453	0.002094972067039106	0.0	0.0	0.000727802037845706	0.000693000693000693	0.0	0.0	0.004491017964071856
0.012459016393442624	0.0199468085106383	0.04068241469816273	0.03259452411994785	0.041474654377880185	0.04413702239789196	0.04202232435981615	0.0691699604743083	0.11609498680738786	1.0	0.11475409836065574	0.037524687294272545	0.017094017094017096	0.019091507570770244	0.015820698747528016	0.017763157894736842	0.012599469496021221	0.015181518151815182	0.014502307185234015	0.013797634691195795	0.013183915622940013	0.007936507936507936	0.008637873754152824	0.009259259259259259	0.017127799736495388	0.016053511705685617	0.013280212483399735	0.008620689655172414	0.007941760423560556	0.009894459102902375	0.007348029392117568	0.006574141709276844	0.006598240469208211	0.0053872053872053875	0.007482993197278911	0.0026917900403768506	0.0006821282401091405	0.001397624039133473	0.0035236081747709656	0.0034458993797381117	0.0013605442176870747	0.0021929824561403508	0.002824858757062147	0.002070393374741201	0.001702127659574468	0.003457814661134163	0.002223869532987398	0.0027567195037904893	0.0019710906701708277	0.0013745704467353953	0.00205620287868403	0.00350385423966363	0.0013422818791946308	0.0006684491978609625	0.0014958863126402393	0.0034458993797381117	0.002067539627842867	0.0006934812760055479	0.0006949270326615705	0.0013271400132714001	0.0014492753623188406	0.0006882312456985547	0.0006934812760055479	0.0013531799729364006	0.0029850746268656717
0.019749835418038184	0.030040053404539385	0.05006587615283267	0.04450261780104712	0.046235138705416116	0.046235138705416116	0.032279314888010543	0.05294506949040371	0.05956320317670417	0.11475409836065574	1.0	0.052110817941952506	0.013183915622940013	0.01844532279314888	0.021810971579643092	0.01782178217821782	0.02127659574468085	0.02185430463576159	0.01453104359313078	0.011881188118811881	0.00992063492063492	0.012599469496021221	0.007994670219853431	0.017916390179163903	0.019167217448777262	0.022818791946308724	0.013315579227696404	0.005984042553191489	0.014598540145985401	0.009927200529450696	0.00535475234270415	0.010980966325036604	0.010286554004408524	0.0067613252197430695	0.0054533060668029995	0.006097560975609756	0.0020604395604395605	0.00211118930330753	0.0049469964664310955	0.008984105044920525	0.008185538881309686	0.011704462326261888	0.004252303330970942	0.004847645429362881	0.0034071550255536627	0.002077562326869806	0.002976190476190476	0.0006915629322268327	0.001978891820580475	0.0034554250172771253	0.000687757909215956	0.0007017543859649122	0.002018842530282638	0.001343183344526528	0.0052434456928838954	0.0020718232044198894	0.000693000693000693	0.002779708130646282	0.0020905923344947735	0.00199203187250996	0.002178649237472767	0.0034602076124567475	0.001388888888888889	0.0	0.004491017964071856
0.025049439683586024	0.04336224149432955	0.03632760898282695	0.030799475753604193	0.0356906807666887	0.021150033046926635	0.021164021164021163	0.031746031746031744	0.0345514950166113	0.037524687294272545	0.052110817941952506	1.0	0.11198945981554677	0.06274768824306473	0.0582010582010582	0.042244224422442245	0.04249667994687915	0.06042496679946879	0.026437541308658295	0.0205026455026455	0.019218025182239893	0.031914893617021274	0.026720106880427523	0.03253652058432935	0.056216931216931214	0.031522468142186455	0.022029372496662217	0.01	0.012	0.011288180610889775	0.0174496644295302	0.016152716593245228	0.011061946902654867	0.0040595399188092015	0.006147540983606557	0.002711864406779661	0.0006863417982155113	0.0035161744022503515	0.000708215297450425	0.0	0.002051983584131327	0.0029390154298310064	0.0	0.003465003465003465	0.0017094017094017094	0.002086230876216968	0.0029917726252804786	0.0006906077348066298	0.0013201320132013201	0.004155124653739612	0.001375515818431912	0.0035211267605633804	0.0006743088334457181	0.0006711409395973154	0.0015048908954100827	0.0034626038781163434	0.0020804438280166435	0.0006958942240779402	0.001397624039133473	0.0013315579227696406	0.002188183807439825	0.001386001386001386	0.0	0.0	0.0
0.013843111404087014	0.011992005329780146	0.022457067371202115	0.020301244269810084	0.015873015873015872	0.009259259259259259	0.013870541611624834	0.013236267372600927	0.021290751829673986	0.017094017094017096	0.013183915622940013	0.11198945981554677	1.0	0.13965744400527008	0.06477197620621282	0.055408970976253295	0.05116279069767442	0.03779840848806366	0.02775941837409121	0.02509907529722589	0.018530774321641297	0.026455026455026454	0.029313790806129246	0.028495692511597084	0.03238598810310641	0.01942397856664434	0.016	0.008655126498002663	0.009966777408637873	0.01455989410986102	0.012726054922973878	0.012454212454212455	0.015475313190862197	0.006765899864682003	0.00546448087431694	0.007447528774542992	0.0027472527472527475	0.0049261083743842365	0.0014124293785310734	0.002768166089965398	0.0034153005464480873	0.005865102639296188	0.0049680624556423	0.004840940525587829	0.003404255319148936	0.004857737682165163	0.006716417910447761	0.002073255010366275	0.0006596306068601583	0.0027662517289073307	0.004801097393689987	0.0014064697609001407	0.002688172043010753	0.003351206434316354	0.0037593984962406013	0.00138217000691085	0.001384083044982699	0.001389854065323141	0.001394700139470014	0.0019946808510638296	0.000727802037845706	0.002074688796680498	0.0006949270326615705	0.0	0.003003003003003003
0.015779092702169626	0.01134089392928619	0.021739130434782608	0.015062213490504257	0.015873015873015872	0.01520158625247852	0.016523463317911435	0.01390728476821192	0.013953488372093023	0.019091507570770244	0.01844532279314888	0.06274768824306473	0.13965744400527008	1.0	0.11228533685601057	0.047524752475247525	0.0603448275862069	0.0437375745526839	0.033707865168539325	0.02047556142668428	0.02384105960264901	0.02781456953642384	0.03133333333333333	0.02185430463576159	0.034368803701255786	0.02344273275284662	0.0200133422281521	0.00997340425531915	0.012624584717607974	0.011896893588896233	0.015394912985274432	0.014652014652014652	0.0073475385745775165	0.005409060175794456	0.004103967168262654	0.004062288422477996	0.004804392587508579	0.0035112359550561797	0.007087172218284904	0.0034602076124567475	0.002734107997265892	0.005128205128205128	0.002834868887313962	0.004851004851004851	0.003401360544217687	0.004847645429362881	0.005216095380029807	0.00414651002073255	0.002631578947368421	0.004827586206896552	0.0034317089910775567	0.004216444132115249	0.000671591672263264	0.0013422818791946308	0.0014992503748125937	0.003453038674033149	0.0	0.0034891835310537334	0.001394700139470014	0.000664451827242525	0.0029069767441860465	0.0013831258644536654	0.0006944444444444445	0.0013550135501355014	0.0
0.011228533685601057	0.01	0.01257445400397088	0.013788575180564675	0.013262599469496022	0.010596026490066225	0.013916500994035786	0.0145791915175613	0.020584329349269587	0.015820698747528016	0.021810971579643092	0.0582010582010582	0.06477197620621282	0.11228533685601057	1.0	0.10993377483443709	0.074	0.06905710491367861	0.03902116402116402	0.03238598810310641	0.023178807947019868	0.034505640345056404	0.027369826435246995	0.03054448871181939	0.037037037037037035	0.020833333333333332	0.010680907877169559	0.012649800266311585	0.009320905459387484	0.01455989410986102	0.015456989247311828	0.020558002936857563	0.008843036109064112	0.006105834464043419	0.003424657534246575	0.001358695652173913	0.002059025394646534	0.002803083391730904	0.0014184397163120568	0.004857737682165163	0.00477815699658703	0.0022010271460014674	0.002130681818181818	0.0027739251040221915	0.0	0.002770083102493075	0.0014936519790888724	0.0027662517289073307	0.0013192612137203166	0.0013812154696132596	0.0013783597518952446	0.0014094432699083862	0.0026917900403768506	0.001343183344526528	0.005251312828207052	0.0013831258644536654	0.002079002079002079	0.0013908205841446453	0.0006978367062107466	0.0006662225183211193	0.0014534883720930232	0.002772002772002772	0.001392757660167131	0.004043126684636119	0.0015060240963855422
0.010526315789473684	0.013333333333333334	0.009894459102902375	0.011757021554539516	0.017173051519154558	0.013183915622940013	0.011857707509881422	0.011243386243386243	0.01656726308813784	0.017763157894736842	0.01782178217821782	0.042244224422442245	0.055408970976253295	0.047524752475247525	0.10993377483443709	1.0	0.15343915343915343	0.05029781601588352	0.02827087442472058	0.026367831245880026	0.025725593667546173	0.027116402116402115	0.021941489361702128	0.021825396825396824	0.028401585204755615	0.019333333333333334	0.014617940199335547	0.0092899800928998	0.00997340425531915	0.013236267372600927	0.012072434607645875	0.010271460014673514	0.013215859030837005	0.004048582995951417	0.004092769440654843	0.002027027027027027	0.00823045267489712	0.008432888264230498	0.005653710247349823	0.006215469613259668	0.004095563139931741	0.005139500734214391	0.00851063829787234	0.006219765031098825	0.005123825789923143	0.01243953006219765	0.012620638455827766	0.006219765031098825	0.0026298487836949377	0.0013783597518952446	0.0027397260273972603	0.0035137034434293743	0.0	0.0013413816230717639	0.004491017964071856	0.0034458993797381117	0.005536332179930796	0.0027874564459930314	0.0006954102920723226	0.0006640106241699867	0.003633720930232558	0.0034554250172771253	0.002079002079002079	0.0013568521031207597	0.004491017964071856
0.013262599469496022	0.014103425117528543	0.0092899800928998	0.015161502966381015	0.01	0.00997340425531915	0.015272244355909695	0.011968085106382979	0.01270053475935829	0.012599469496021221	0.02127659574468085	0.04249667994687915	0.05116279069767442	0.0603448275862069	0.074	0.15343915343915343	1.0	0.09713905522288756	0.029860650298606503	0.027833001988071572	0.027944111776447105	0.02465023317788141	0.02682763246143528	0.03195739014647137	0.02927478376580173	0.020161290322580645	0.016075016744809108	0.0106951871657754	0.010013351134846462	0.01134089392928619	0.01752021563342318	0.01032448377581121	0.011799410029498525	0.006122448979591836	0.005494505494505495	0.00408997955010225	0.0013812154696132596	0.003538570417551309	0.0	0.006949270326615705	0.00411522633744856	0.005158437730287398	0.0014245014245014246	0.003479471120389701	0.0008605851979345956	0.0	0.004477611940298508	0.0013869625520110957	0.001986754966887417	0.0013879250520471894	0.002751031636863824	0.002117148906139732	0.001352265043948614	0.0027063599458728013	0.0037537537537537537	0.004158004158004158	0.0020905923344947735	0.00350385423966363	0.0013966480446927375	0.002008032128514056	0.002183406113537118	0.002775850104094379	0.004884856943475227	0.0013550135501355014	0.0015037593984962407
0.013888888888888888	0.019410977242302542	0.01656726308813784	0.012491781722550954	0.011944260119442602	0.01790450928381963	0.01654533421575116	0.018617021276595744	0.02134756504336224	0.015181518151815182	0.02185430463576159	0.06042496679946879	0.03779840848806366	0.0437375745526839	0.06905710491367861	0.05029781601588352	0.09713905522288756	1.0	0.07666886979510905	0.03500660501981506	0.042440318302387266	0.0576158940397351	0.03530979347101932	0.04584717607973422	0.06490066225165562	0.028820375335120642	0.02862849533954727	0.017310252996005325	0.015989340439706862	0.013888888888888888	0.012056262558606833	0.01978021978021978	0.008082292432035268	0.005420054200542005	0.006147540983606557	0.002708192281651997	0.004123711340206186	0.0021156558533145277	0.003536067892503536	0.004149377593360996	0.0034059945504087193	0.005873715124816446	0.004261363636363636	0.004155124653739612	0.0017123287671232876	0.005551700208188758	0.00894187779433681	0.011756569847856155	0.004626569729015202	0.004840940525587829	0.0048209366391184574	0.005621925509486999	0.0026954177897574125	0.0026899798251513113	0.00299625468164794	0.003450655624568668	0.0048543689320388345	0.004891684136967156	0.002789400278940028	0.003997335109926716	0.002902757619738752	0.004137931034482759	0.0034770514603616135	0.0	0.004518072289156626
0.01118421052631579	0.01134089392928619	0.014521452145214522	0.010471204188481676	0.013236267372600927	0.009216589861751152	0.01184990125082291	0.015262110152621102	0.009953550099535502	0.014502307185234015	0.01453104359313078	0.026437541308658295	0.02775941837409121	0.033707865168539325	0.03902116402116402	0.02827087442472058	0.029860650298606503	0.07666886979510905	1.0	0.13504611330698288	0.08124174372523117	0.06485771012574454	0.046511627906976744	0.041666666666666664	0.047556142668428	0.017356475300400534	0.021956087824351298	0.008632138114209827	0.012624584717607974	0.009259259259259259	0.011401743796109993	0.011730205278592375	0.014695077149155033	0.008795669824086604	0.007493188010899182	0.008113590263691683	0.0	0.0028109627547434997	0.0021201413427561835	0.002758620689655172	0.00408997955010225	0.0036576444769568397	0.0028308563340410475	0.0048375950241879755	0.004262574595055414	0.00138217000691085	0.00370919881305638	0.0027567195037904893	0.0026333113890717576	0.007570543702684102	0.0027416038382453737	0.002105263157894737	0.0033647375504710633	0.0006711409395973154	0.005983545250560957	0.004834254143646409	0.003457814661134163	0.0027816411682892906	0.0027835768963117608	0.0019933554817275745	0.002175489485134155	0.0027624309392265192	0.0013869625520110957	0.0013605442176870747	0.0
0.01053324555628703	0.011348464619492658	0.0079155672823219	0.011772400261608895	0.010603048376408217	0.010582010582010581	0.01054713249835201	0.009933774834437087	0.011273209549071617	0.013797634691195795	0.011881188118811881	0.0205026455026455	0.02509907529722589	0.02047556142668428	0.03238598810310641	0.026367831245880026	0.027833001988071572	0.03500660501981506	0.13504611330698288	1.0	0.1361842105263158	0.04824851288830139	0.043132050431320505	0.04966887417218543	0.029042904290429043	0.02073578595317726	0.017241379310344827	0.01195219123505976	0.012591119946984758	0.013870541611624834	0.016688918558077435	0.013138686131386862	0.009523809523809525	0.008108108108108109	0.006825938566552901	0.004051316677920324	0.0013689253935660506	0.0021008403361344537	0.0028208744710860366	0.0027605244996549345	0.0013596193065941536	0.002191380569758948	0.0007077140835102619	0.0027624309392265192	0.00510204081632653	0.004149377593360996	0.00370919881305638	0.0020689655172413794	0.003949967083607637	0.011691884456671253	0.010273972602739725	0.0034989503149055285	0.0026845637583892616	0.0033444816053511705	0.002238805970149254	0.0020646937370956643	0.000689655172413793	0.0006949270326615705	0.003472222222222222	0.0033134526176275677	0.002167630057803468	0.0027548209366391185	0.0048375950241879755	0.0013531799729364006	0.0029895366218236174
0.008569545154911009	0.01335113484646195	0.011221122112211221	0.011787819253438114	0.015251989389920425	0.009265387160820648	0.008592200925313946	0.007962840079628402	0.00728959575878065	0.013183915622940013	0.00992063492063492	0.019218025182239893	0.018530774321641297	0.02384105960264901	0.023178807947019868	0.025725593667546173	0.027944111776447105	0.042440318302387266	0.08124174372523117	0.1361842105263158	1.0	0.08802117802779616	0.05514950166112957	0.05036447978793903	0.03830911492734478	0.017437961099932932	0.018679119412941963	0.012	0.013289036544850499	0.011920529801324504	0.012734584450402145	0.013186813186813187	0.009551800146950772	0.0047457627118644066	0.005471956224350205	0.006093432633716994	0.002059025394646534	0.0035161744022503515	0.00424929178470255	0.002079002079002079	0.0006830601092896175	0.004402054292002935	0.003563791874554526	0.004158004158004158	0.002564102564102564	0.004158004158004158	0.0037369207772795215	0.0034602076124567475	0.006587615283267457	0.004137931034482759	0.004814305364511692	0.003518648838845883	0.0033715441672285905	0.00335345405767941	0.0037593984962406013	0.002070393374741201	0.003465003465003465	0.001392757660167131	0.0020876826722338203	0.005312084993359893	0.002902757619738752	0.00414651002073255	0.0006939625260235947	0.0013550135501355014	0.003003003003003003
0.005287508261731659	0.012056262558606833	0.013253810470510271	0.013788575180564675	0.011936339522546418	0.017229953611663355	0.009283819628647215	0.011303191489361703	0.013324450366422385	0.007936507936507936	0.012599469496021221	0.031914893617021274	0.026455026455026454	0.02781456953642384	0.034505640345056404	0.027116402116402115	0.02465023317788141	0.0576158940397351	0.06485771012574454	0.04824851288830139	0.08802117802779616	1.0	0.12890365448504984	0.06949040370615486	0.0653896961690885	0.025418060200668897	0.021319120586275817	0.013944223107569721	0.013981358189081226	0.017892644135188866	0.018108651911468814	0.013929618768328446	0.008823529411764706	0.007447528774542992	0.005471956224350205	0.0033829499323410014	0.0027472527472527475	0.0014054813773717498	0.0021201413427561835	0.0013850415512465374	0.001364256480218281	0.002197802197802198	0.0021321961620469083	0.0034554250172771253	0.005110732538330494	0.004158004158004158	0.005952380952380952	0.0020718232044198894	0.0019828155981493722	0.0027624309392265192	0.004118050789293068	0.0035112359550561797	0.002018842530282638	0.0020161290322580645	0.002245508982035928	0.0027624309392265192	0.002077562326869806	0.002793296089385475	0.0006954102920723226	0.00133422281521014	0.0014492753623188406	0.0006906077348066298	0.002081887578070784	0.0	0.003003003003003003
0.00796812749003984	0.006044325050369375	0.009308510638297872	0.012524719841793012	0.010645375914836993	0.00998003992015968	0.014627659574468085	0.009320905459387484	0.01002004008016032	0.008637873754152824	0.007994670219853431	0.026720106880427523	0.029313790806129246	0.03133333333333333	0.027369826435246995	0.021941489361702128	0.02682763246143528	0.03530979347101932	0.046511627906976744	0.043132050431320505	0.05514950166112957	0.12890365448504984	1.0	0.13612217795484727	0.053606882859033755	0.019502353732347006	0.02140468227424749	0.015364061456245824	0.014696058784235137	0.014617940199335547	0.018867924528301886	0.017673048600883652	0.008118081180811807	0.009523809523809525	0.004814305364511692	0.005438477226376614	0.004149377593360996	0.002117148906139732	0.003543586109142452	0.001388888888888889	0.002054794520547945	0.002207505518763797	0.0007132667617689016	0.002777777777777778	0.0034334763948497852	0.002086230876216968	0.0044943820224719105	0.0048543689320388345	0.0026507620941020544	0.008321775312066574	0.004830917874396135	0.0007052186177715092	0.0033783783783783786	0.00404040404040404	0.003762227238525207	0.011088011088011088	0.008339124391938846	0.00489853044086774	0.007713884992987377	0.0033400133600534404	0.002911208151382824	0.002775850104094379	0.0006978367062107466	0.0027210884353741495	0.0075528700906344415
0.010561056105610561	0.009377093101138647	0.010589013898080741	0.015748031496062992	0.012591119946984758	0.014540647719762063	0.011258278145695364	0.008626410086264101	0.008655126498002663	0.009259259259259259	0.017916390179163903	0.03253652058432935	0.028495692511597084	0.02185430463576159	0.03054448871181939	0.021825396825396824	0.03195739014647137	0.04584717607973422	0.041666666666666664	0.04966887417218543	0.05036447978793903	0.06949040370615486	0.13612217795484727	1.0	0.10540184453227931	0.02679169457468185	0.023317788141239172	0.019986675549633577	0.020611702127659573	0.01520158625247852	0.019476158495634655	0.020542920029347028	0.011037527593818985	0.010810810810810811	0.007529089664613279	0.0040650406504065045	0.0020604395604395605	0.007730147575544624	0.0021231422505307855	0.0027662517289073307	0.0027266530334014998	0.00440852314474651	0.0035511363636363635	0.003457814661134163	0.0008532423208191126	0.002081887578070784	0.0037257824143070045	0.003453038674033149	0.0019801980198019802	0.0034554250172771253	0.004810996563573883	0.0014064697609001407	0.004720161834120027	0.0026917900403768506	0.004511278195488722	0.0055248618784530384	0.011821974965229486	0.006978367062107467	0.005582693649685973	0.0020013342228152103	0.0043541364296081275	0.0006920415224913495	0.0013917884481558804	0.004070556309362279	0.0075075075075075074
0.014492753623188406	0.024683122081387593	0.015841584158415842	0.02091503267973856	0.023148148148148147	0.008597883597883597	0.015852047556142668	0.021810971579643092	0.018543046357615896	0.017127799736495388	0.019167217448777262	0.056216931216931214	0.03238598810310641	0.034368803701255786	0.037037037037037035	0.028401585204755615	0.02927478376580173	0.06490066225165562	0.047556142668428	0.029042904290429043	0.03830911492734478	0.0653896961690885	0.053606882859033755	0.10540184453227931	1.0	0.06755852842809365	0.04916943521594684	0.01593625498007968	0.014608233731739707	0.021767810026385226	0.024096385542168676	0.024140453547915143	0.021994134897360705	0.0067613252197430695	0.006147540983606557	0.0033783783783783786	0.00411522633744856	0.006306937631394534	0.002828854314002829	0.002070393374741201	0.0006807351940095302	0.004392386530014641	0.0007087172218284905	0.003450655624568668	0.006808510638297872	0.0034626038781163434	0.005947955390334572	0.002067539627842867	0.001973684210526316	0.0034458993797381117	0.0013708019191226869	0.0035014005602240898	0.0013422818791946308	0.0013386880856760374	0.0014936519790888724	0.0034482758620689655	0.001384083044982699	0.003479471120389701	0.002785515320334262	0.0026560424966799467	0.0	0.004137931034482759	0.0013879250520471894	0.0	0.0014925373134328358
0.014	0.022327469553450607	0.020777479892761394	0.01195219123505976	0.021476510067114093	0.012717536813922356	0.010033444816053512	0.01880456682337139	0.016812373907195696	0.016053511705685617	0.022818791946308724	0.031522468142186455	0.01942397856664434	0.02344273275284662	0.020833333333333332	0.019333333333333334	0.020161290322580645	0.028820375335120642	0.017356475300400534	0.02073578595317726	0.017437961099932932	0.025418060200668897	0.019502353732347006	0.02679169457468185	0.06755852842809365	1.0	0.1426648721399731	0.03959731543624161	0.028975741239892182	0.03748326639892905	0.03313049357674104	0.0361890694239291	0.02301410541945063	0.017053206002728513	0.01307639366827254	0.009562841530054645	0.0020833333333333333	0.004273504273504274	0.004989308624376337	0.004189944134078212	0.0020718232044198894	0.004431314623338257	0.00430416068866571	0.0027991602519244225	0.006926406926406926	0.003486750348675035	0.006721433905899925	0.003479471120389701	0.0013333333333333333	0.0006954102920723226	0.002079002079002079	0.0035486160397444995	0.004758667573079538	0.0020352781546811396	0.002259036144578313	0.0027874564459930314	0.0007002801120448179	0.004231311706629055	0.005598320503848845	0.0013449899125756557	0.00510204081632653	0.003481894150417827	0.002803083391730904	0.0	0.012030075187969926
0.014608233731739707	0.018880647336480108	0.02134756504336224	0.012549537648612946	0.010666666666666666	0.01134089392928619	0.013953488372093023	0.012675116744496331	0.010702341137123745	0.013280212483399735	0.013315579227696404	0.022029372496662217	0.016	0.0200133422281521	0.010680907877169559	0.014617940199335547	0.016075016744809108	0.02862849533954727	0.021956087824351298	0.017241379310344827	0.018679119412941963	0.021319120586275817	0.02140468227424749	0.023317788141239172	0.04916943521594684	0.1426648721399731	1.0	0.11384820239680427	0.047428189712758854	0.05238726790450928	0.05514458641560188	0.04472140762463343	0.02880354505169867	0.015614392396469789	0.006858710562414266	0.009517335146159076	0.006211180124223602	0.00422237860661506	0.0042583392476933995	0.006925207756232687	0.0013689253935660506	0.004405286343612335	0.0042643923240938165	0.002775850104094379	0.005141388174807198	0.0048712595685455815	0.004480955937266617	0.0027835768963117608	0.001996007984031936	0.0027739251040221915	0.0006920415224913495	0.0014104372355430183	0.002025658338960162	0.0033806626098715348	0.0015026296018031556	0.0020833333333333333	0.0020876826722338203	0.0	0.001401541695865452	0.003348961821835231	0.000727802037845706	0.001388888888888889	0.004189944134078212	0.001364256480218281	0.0
0.00927766732935719	0.009408602150537635	0.009986684420772303	0.01119157340355497	0.017964071856287425	0.005984042553191489	0.009308510638297872	0.009327115256495669	0.00733822548365577	0.008620689655172414	0.005984042553191489	0.01	0.008655126498002663	0.00997340425531915	0.012649800266311585	0.0092899800928998	0.0106951871657754	0.017310252996005325	0.008632138114209827	0.01195219123505976	0.012	0.013944223107569721	0.015364061456245824	0.019986675549633577	0.01593625498007968	0.03959731543624161	0.11384820239680427	1.0	0.12608405603735823	0.07952286282306163	0.05981182795698925	0.033773861967694566	0.020664206642066422	0.017615176151761516	0.009602194787379973	0.014256619144602852	0.008264462809917356	0.004234297812279464	0.0035486160397444995	0.004861111111111111	0.003429355281207133	0.0036737692872887582	0.0042765502494654314	0.004160887656033287	0.005145797598627788	0.0076282940360610264	0.0029850746268656717	0.0076282940360610264	0.001986754966887417	0.004155124653739612	0.004824259131633356	0.0035285815102328866	0.002699055330634278	0.004048582995951417	0.006015037593984963	0.001384083044982699	0.006958942240779402	0.0034989503149055285	0.0014005602240896359	0.005351170568561873	0.0065549890750182084	0.004861111111111111	0.002094972067039106	0.008108108108108109	0.009036144578313253
0.007941760423560556	0.00738255033557047	0.0092899800928998	0.007246376811594203	0.03062583222370173	0.00997340425531915	0.009302325581395349	0.009320905459387484	0.008684034736138945	0.007941760423560556	0.014598540145985401	0.012	0.009966777408637873	0.012624584717607974	0.009320905459387484	0.00997340425531915	0.010013351134846462	0.015989340439706862	0.012624584717607974	0.012591119946984758	0.013289036544850499	0.013981358189081226	0.014696058784235137	0.020611702127659573	0.014608233731739707	0.028975741239892182	0.047428189712758854	0.12608405603735823	1.0	0.15053050397877984	0.0734006734006734	0.04335047759000735	0.028085735402808575	0.019034670292318152	0.019217570350034317	0.009517335146159076	0.006189821182943604	0.009167842031029619	0.005685856432125089	0.007623007623007623	0.00410958904109589	0.003668378576669112	0.006392045454545455	0.004158004158004158	0.00684931506849315	0.005551700208188758	0.005983545250560957	0.013879250520471894	0.005294506949040371	0.010395010395010396	0.004830917874396135	0.008450704225352112	0.00337609723160027	0.006081081081081081	0.008270676691729323	0.006228373702422145	0.006245662734212352	0.004891684136967156	0.0034940600978336828	0.00267379679144385	0.006559766763848397	0.010409437890353921	0.007676203768318213	0.002728512960436562	0.010510510510510511
0.009900990099009901	0.008689839572192513	0.008609271523178808	0.006565988181221274	0.015251989389920425	0.00728959575878065	0.0059445178335535	0.009296148738379814	0.00332667997338656	0.009894459102902375	0.009927200529450696	0.011288180610889775	0.01455989410986102	0.011896893588896233	0.01455989410986102	0.013236267372600927	0.01134089392928619	0.013888888888888888	0.009259259259259259	0.013870541611624834	0.011920529801324504	0.017892644135188866	0.014617940199335547	0.01520158625247852	0.021767810026385226	0.03748326639892905	0.05238726790450928	0.07952286282306163	0.15053050397877984	1.0	0.13360053440213762	0.05102040816326531	0.03600293901542983	0.03032345013477089	0.022494887525562373	0.01350438892640108	0.006830601092896175	0.004905395935529082	0.009873060648801129	0.010337698139214336	0.006134969325153374	0.002188183807439825	0.006364922206506365	0.005517241379310344	0.005110732538330494	0.004143646408839779	0.008915304606240713	0.004834254143646409	0.00395778364116095	0.004817618719889883	0.003434065934065934	0.004905395935529082	0.0033579583613163196	0.00670690811535882	0.006726457399103139	0.0055248618784530384	0.008977900552486187	0.006949270326615705	0.0055671537926235215	0.004651162790697674	0.007953723788864787	0.003443526170798898	0.00625	0.0	0.010479041916167664
