1.0	0.3847176079734219	0.17442622950819672	0.13671875	0.12310730743910467	0.11768573307034845	0.11629434954007885	0.11822985468956407	0.11485148514851486	0.10032786885245902	0.14417379855167872	0.13447593935398813	0.0903098220171391	0.0880999342537804	0.07463672391017173	0.075	0.08289124668435013	0.08333333333333333	0.05921052631578947	0.06319947333772219	0.06328279499011207	0.06543291473892927	0.05444887118193891	0.06798679867986798	0.10013175230566534	0.104	0.09163346613545817	0.06693174287607687	0.06618133686300463	0.07062706270627063	0.08611481975967958	0.06944444444444445	0.05942773294203962	0.039030955585464336	0.03467029231815092	0.02358490566037736	0.021203830369357045	0.014716187806587245	0.016913319238900635	0.021379310344827585	0.0170299727520436	0.021961932650073207	0.017692852087756547	0.013831258644536652	0.017902813299232736	0.015161957270847692	0.021545319465081723	0.01793103448275862	0.017026850032743943	0.013067400275103164	0.015068493150684932	0.01330532212885154	0.016107382550335572	0.020708082832331328	0.014970059880239521	0.01443298969072165	0.014502762430939226	0.011111111111111112	0.011830201809324982	0.01455026455026455	0.00941346850108617	0.013094417643004824	0.01314878892733564	0.008119079837618403	0.019316493313521546
0.3847176079734219	1.0	0.2907518296739854	0.2145214521452145	0.1894596397598399	0.16088117489986647	0.16122584943371085	0.18315508021390375	0.16443850267379678	0.15159574468085107	0.20627503337783712	0.19479653102068045	0.10926049300466356	0.09606404269513008	0.09466666666666666	0.09333333333333334	0.09402283411685695	0.13453815261044177	0.08338892595063375	0.07076101468624833	0.0801068090787717	0.087073007367716	0.061114842175957015	0.09176155391828533	0.1561040693795864	0.14614343707713126	0.11395819285232636	0.06586021505376344	0.05771812080536913	0.058823529411764705	0.06964164976335362	0.08660251665433012	0.055637982195845696	0.04294478527607362	0.03581267217630854	0.02592087312414734	0.02074688796680498	0.018452803406671398	0.017142857142857144	0.018156424581005588	0.013094417643004824	0.02074074074074074	0.020758768790264854	0.018867924528301886	0.018949181739879414	0.01813110181311018	0.014285714285714285	0.01602787456445993	0.011944260119442602	0.013231197771587743	0.013879250520471894	0.01630049610205528	0.012890094979647219	0.012837837837837839	0.008339651250947688	0.00975609756097561	0.012569832402234637	0.011243851018973999	0.009859154929577466	0.00871313672922252	0.006603081438004402	0.009084556254367574	0.010526315789473684	0.0027247956403269754	0.0243161094224924
0.17442622950819672	0.2907518296739854	1.0	0.46279373368146215	0.31839156229400134	0.24308300395256918	0.23963133640552994	0.23463317911434237	0.20913302448709464	0.21325459317585302	0.23847167325428195	0.21796565389696168	0.1083223249669749	0.11330698287220026	0.12045003309066843	0.08113456464379948	0.09223623092236231	0.11994698475811796	0.100990099009901	0.0758575197889182	0.07260726072607261	0.08946322067594434	0.08244680851063829	0.09463931171409662	0.13399339933993398	0.11997319034852547	0.1114076050700467	0.07123834886817576	0.06370272063702721	0.0728476821192053	0.08037508372404555	0.07748538011695906	0.07101024890190337	0.04652730950775455	0.028708133971291867	0.02368064952638701	0.017844886753603295	0.014064697609001406	0.01627742392073602	0.017289073305670817	0.014344262295081968	0.023494860499265784	0.016346837242359632	0.020097020097020097	0.022998296422487224	0.02146814404432133	0.01713859910581222	0.01520387007601935	0.009192383453709783	0.013121546961325966	0.014383561643835616	0.01332398316970547	0.012768817204301076	0.013395847287340924	0.013523666416228399	0.011724137931034483	0.008996539792387544	0.008344923504867872	0.01047486033519553	0.008626410086264101	0.00725689404934688	0.010366275051831375	0.008333333333333333	0.0027137042062415195	0.020833333333333332
0.13671875	0.2145214521452145	0.46279373368146215	1.0	0.3900523560209424	0.2769431743958197	0.23302872062663185	0.2409954158480681	0.20275590551181102	0.20599739243807041	0.22905759162303665	0.18872870249017037	0.10740013097576949	0.09888670595939751	0.09717662508207485	0.08752449379490529	0.0936058009228741	0.11439842209072978	0.08704188481675393	0.08240680183126227	0.06679764243614932	0.07353906762967827	0.07251153592617007	0.08923884514435695	0.12026143790849673	0.11354581673306773	0.10634081902245707	0.07834101382488479	0.06455862977602109	0.066973079448457	0.07702523240371846	0.07697893972403776	0.07776162790697674	0.07295850066934405	0.043331076506431955	0.039544235924932974	0.021059782608695652	0.01813110181311018	0.023876404494382022	0.02197802197802198	0.017591339648173207	0.029818181818181817	0.026074700493305146	0.024021962937542895	0.03132938187976291	0.025377229080932786	0.019970414201183433	0.01986301369863014	0.01756668835393624	0.02188782489740082	0.019727891156462583	0.024390243902439025	0.016010673782521682	0.015251989389920425	0.014136904761904762	0.013679890560875513	0.01443298969072165	0.011748445058742226	0.011049723756906077	0.01184990125082291	0.016594516594516596	0.014413177762525738	0.008264462809917356	0.013458950201884253	0.011940298507462687
0.12310730743910467	0.1894596397598399	0.31839156229400134	0.3900523560209424	1.0	0.3857801184990125	0.2955145118733509	0.2843915343915344	0.23970783532536521	0.23831468071099407	0.25429326287978865	0.1877065432914739	0.11044973544973545	0.11507936507936507	0.11936339522546419	0.09973579920739763	0.08933333333333333	0.13404114134041142	0.09927200529450694	0.08681245858184228	0.07360742705570292	0.08620689655172414	0.08649367930805056	0.08813783962889331	0.14484126984126985	0.13557046979865772	0.114	0.09314703925482369	0.10585885486018642	0.09549071618037135	0.107981220657277	0.0881057268722467	0.08314937454010302	0.05	0.05122950819672131	0.03387533875338753	0.02063273727647868	0.021815622800844477	0.01696113074204947	0.021483021483021482	0.018467852257181942	0.030837004405286344	0.024147727272727272	0.0159500693481276	0.033276450511945395	0.02501737317581654	0.01713859910581222	0.01662049861495845	0.014483212639894667	0.013821700069108501	0.011004126547455296	0.015503875968992248	0.016150740242261104	0.013404825737265416	0.012012012012012012	0.01590594744121715	0.015246015246015246	0.01603905160390516	0.0111731843575419	0.006635700066357001	0.011661807580174927	0.0110803324099723	0.009059233449477353	0.006830601092896175	0.016566265060240965
0.11768573307034845	0.16088117489986647	0.24308300395256918	0.2769431743958197	0.3857801184990125	1.0	0.45220830586684246	0.3185723727693325	0.22281167108753316	0.24440052700922266	0.23778071334214002	0.15598149372108394	0.09457671957671958	0.09781890284203569	0.09933774834437085	0.09294660514172709	0.08244680851063829	0.10941644562334217	0.08755760368663594	0.07407407407407407	0.07279947054930509	0.09343936381709742	0.07119095143047238	0.07005948446794448	0.10119047619047619	0.09370816599732262	0.09006004002668445	0.061835106382978726	0.06582446808510638	0.05964214711729622	0.07114093959731543	0.06985294117647059	0.05964653902798233	0.038461538461538464	0.030034129692832763	0.027045300878972278	0.018518518518518517	0.016163035839775124	0.015558698727015558	0.017993079584775088	0.014344262295081968	0.025716385011021307	0.024147727272727272	0.01453287197231834	0.022939677145284623	0.01662049861495845	0.020089285714285716	0.02074688796680498	0.013806706114398421	0.015172413793103448	0.018531228551818806	0.013342696629213483	0.012811867835468645	0.014735432016075016	0.01199400299850075	0.012448132780082987	0.008339124391938846	0.00906555090655509	0.009762900976290097	0.00597609561752988	0.007283321194464676	0.009702009702009701	0.008344923504867872	0.004092769440654843	0.021116138763197588
0.11629434954007885	0.16122584943371085	0.23963133640552994	0.23302872062663185	0.2955145118733509	0.45220830586684246	1.0	0.39087301587301587	0.25298013245033113	0.25016414970453055	0.24110671936758893	0.14417989417989419	0.08586525759577279	0.09649702577660278	0.10470510271703115	0.08432147562582346	0.09163346613545817	0.1158173395102581	0.086899275839368	0.06657877389584707	0.06939854593522803	0.08421750663129973	0.07779255319148937	0.08741721854304636	0.10039630118890357	0.10367892976588629	0.10033222591362126	0.0598404255319149	0.059800664451827246	0.06406869220607662	0.07090301003344482	0.07991202346041056	0.06969919295671313	0.05925925925925926	0.04421768707482993	0.038539553752535496	0.04252400548696845	0.04708362614195362	0.033215547703180213	0.028275862068965516	0.02518720217835262	0.03728070175438596	0.026874115983026876	0.02768166089965398	0.027257240204429302	0.0304077401520387	0.025983667409057165	0.030344827586206897	0.023653088042049936	0.023448275862068966	0.022649279341111873	0.021739130434782608	0.022818791946308724	0.020080321285140562	0.021722846441947566	0.01725327812284334	0.015256588072122053	0.019485038274182326	0.012543554006968641	0.007957559681697613	0.014492753623188406	0.020027624309392266	0.010395010395010396	0.010810810810810811	0.02384500745156483
0.11822985468956407	0.18315508021390375	0.23463317911434237	0.2409954158480681	0.2843915343915344	0.3185723727693325	0.39087301587301587	1.0	0.39854111405835546	0.3227931488801054	0.2878888153540701	0.1884920634920635	0.12111184645929848	0.10662251655629139	0.12856196156394964	0.08597883597883597	0.08577127659574468	0.12566489361702127	0.0915726609157266	0.06821192052980132	0.06569343065693431	0.08045212765957446	0.07789613848202397	0.0856005308560053	0.1255783212161269	0.10879785090664876	0.1000667111407605	0.06595602931379081	0.05392809587217044	0.06108897742363878	0.06304493628437291	0.06524926686217009	0.0662739322533137	0.051490514905149054	0.03490759753593429	0.027777777777777776	0.019230769230769232	0.026722925457102673	0.02130681818181818	0.02564102564102564	0.023224043715846996	0.02421129860601614	0.021337126600284494	0.017337031900138695	0.015384615384615385	0.016655100624566273	0.018628912071535022	0.01593901593901594	0.008580858085808581	0.011756569847856155	0.017881705639614855	0.01544943820224719	0.01349527665317139	0.016107382550335572	0.012753188297074268	0.01725327812284334	0.018030513176144243	0.012526096033402923	0.00906555090655509	0.006662225183211193	0.008727272727272728	0.009009009009009009	0.005563282336578581	0.009472259810554804	0.024096385542168676
0.11485148514851486	0.16443850267379678	0.20913302448709464	0.20275590551181102	0.23970783532536521	0.22281167108753316	0.25298013245033113	0.39854111405835546	1.0	0.4346965699208443	0.33223031105228323	0.21129568106312294	0.1324018629407851	0.13023255813953488	0.1407702523240372	0.09609012591119948	0.09358288770053476	0.11874583055370247	0.09754479097544791	0.07891246684350132	0.08151093439363817	0.09793471019320453	0.07949231796927188	0.09121171770972038	0.12185430463576159	0.101546738399462	0.09966555183946488	0.06404269513008673	0.04876419505678023	0.05123087159015303	0.06926698049764626	0.060294117647058824	0.05239852398523985	0.037991858887381276	0.03424657534246575	0.024456521739130436	0.02268041237113402	0.02461322081575246	0.016973125884016973	0.018698060941828253	0.019217570350034317	0.02127659574468085	0.019957234497505347	0.01808066759388039	0.020512820512820513	0.02008310249307479	0.01795063575168287	0.017373175816539264	0.00992063492063492	0.015214384508990318	0.011732229123533472	0.013399153737658674	0.016914749661705007	0.014131897711978465	0.014285714285714285	0.017289073305670817	0.008344923504867872	0.009776536312849162	0.007703081232492998	0.004676018704074816	0.006550218340611353	0.008316008316008316	0.0076495132127955496	0.013568521031207599	0.019461077844311378
0.10032786885245902	0.15159574468085107	0.21325459317585302	0.20599739243807041	0.23831468071099407	0.24440052700922266	0.25016414970453055	0.3227931488801054	0.4346965699208443	1.0	0.4163934426229508	0.20671494404213298	0.12163050624589086	0.12376563528637262	0.13381674357284112	0.10197368421052631	0.09416445623342175	0.12343234323432344	0.08569545154911008	0.08409986859395532	0.07646671061305207	0.09391534391534391	0.07043189368770764	0.08597883597883597	0.12187088274044795	0.10167224080267559	0.08831341301460824	0.0643236074270557	0.05757776307081403	0.05738786279683377	0.06947227788911156	0.05551497443389335	0.04618768328445748	0.04377104377104377	0.04149659863945578	0.023553162853297442	0.01637107776261937	0.02236198462613557	0.02466525722339676	0.030323914541695383	0.02040816326530612	0.029239766081871343	0.025423728813559324	0.027605244996549344	0.023829787234042554	0.02351313969571231	0.02446256486286138	0.019297036526533425	0.012483574244415242	0.012371134020618556	0.01644962302947224	0.014716187806587245	0.010067114093959731	0.01804812834224599	0.014210919970082274	0.013094417643004824	0.010337698139214336	0.009015256588072122	0.007644197359277276	0.006635700066357001	0.008695652173913044	0.009635237439779766	0.008321775312066574	0.005412719891745603	0.019402985074626865
0.14417379855167872	0.20627503337783712	0.23847167325428195	0.22905759162303665	0.25429326287978865	0.23778071334214002	0.24110671936758893	0.2878888153540701	0.33223031105228323	0.4163934426229508	1.0	0.2796833773087071	0.14040870138431114	0.11594202898550725	0.13681427627230666	0.12673267326732673	0.11502659574468085	0.14437086092715232	0.10634081902245707	0.08976897689768977	0.07804232804232804	0.11273209549071618	0.09060626249167222	0.11015262110152621	0.1566424322538004	0.12483221476510067	0.11451398135818908	0.07446808510638298	0.0617120106171201	0.05757776307081403	0.07965194109772424	0.09224011713030747	0.06465833945628215	0.048005409060175794	0.05112474437627812	0.03726287262872629	0.026785714285714284	0.038001407459535536	0.0303886925795053	0.038700760193503804	0.03956343792633015	0.04462326261887344	0.029057406094968107	0.028393351800554016	0.03492333901192504	0.024930747922437674	0.027529761904761904	0.021438450899031812	0.01912928759894459	0.019350380096751902	0.02269601100412655	0.014035087719298246	0.010767160161507403	0.01544660846205507	0.015730337078651686	0.017955801104972375	0.012474012474012475	0.015288394718554551	0.0132404181184669	0.008632138114209827	0.006535947712418301	0.01591695501730104	0.008333333333333333	0.010825439783491205	0.02844311377245509
0.13447593935398813	0.19479653102068045	0.21796565389696168	0.18872870249017037	0.1877065432914739	0.15598149372108394	0.14417989417989419	0.1884920634920635	0.21129568106312294	0.20671494404213298	0.2796833773087071	1.0	0.40711462450592883	0.3236459709379128	0.31084656084656087	0.22244224422442244	0.24435590969455512	0.2848605577689243	0.17118307997356247	0.14484126984126985	0.14446653412856197	0.2014627659574468	0.13560454241816966	0.17795484727755645	0.27314814814814814	0.19651240778001342	0.16688918558077437	0.10733333333333334	0.09333333333333334	0.08698539176626827	0.1040268456375839	0.10792951541850221	0.07964601769911504	0.05345060893098782	0.03756830601092896	0.03254237288135593	0.014413177762525738	0.023206751054852322	0.0169971671388102	0.012474012474012475	0.014363885088919288	0.02351212343864805	0.014234875444839857	0.020097020097020097	0.023931623931623933	0.024339360222531293	0.02393418100224383	0.017265193370165747	0.011221122112211221	0.014542936288088643	0.016506189821182942	0.014788732394366197	0.011463250168577209	0.012751677852348993	0.011286681715575621	0.013850415512465374	0.0076282940360610264	0.007654836464857342	0.013277428371767994	0.007323568575233023	0.014587892049598834	0.009009009009009009	0.011142061281337047	0.006802721088435374	0.03308270676691729
0.0903098220171391	0.10926049300466356	0.1083223249669749	0.10740013097576949	0.11044973544973545	0.09457671957671958	0.08586525759577279	0.12111184645929848	0.1324018629407851	0.12163050624589086	0.14040870138431114	0.40711462450592883	1.0	0.4552042160737813	0.3152676801057502	0.23680738786279684	0.23920265780730898	0.22480106100795755	0.1553205551883675	0.15125495376486128	0.13831899404367967	0.167989417989418	0.14123917388407728	0.15772034459907222	0.19960343688037013	0.13931681178834562	0.13266666666666665	0.08655126498002663	0.08438538205980066	0.07544672402382528	0.09243134628265237	0.10183150183150183	0.07295504789977893	0.05277401894451962	0.04371584699453552	0.037914691943127965	0.02403846153846154	0.029556650246305417	0.021892655367231638	0.02906574394463668	0.02459016393442623	0.03225806451612903	0.04187366926898509	0.03319502074688797	0.029787234042553193	0.030534351145038167	0.030597014925373135	0.02073255010366275	0.02308707124010554	0.024896265560165973	0.017146776406035666	0.01617440225035162	0.016129032258064516	0.01943699731903485	0.017293233082706767	0.01520387007601935	0.01453287197231834	0.015288394718554551	0.011157601115760111	0.008643617021276596	0.01601164483260553	0.019363762102351315	0.006949270326615705	0.014925373134328358	0.018018018018018018
0.0880999342537804	0.09606404269513008	0.11330698287220026	0.09888670595939751	0.11507936507936507	0.09781890284203569	0.09649702577660278	0.10662251655629139	0.13023255813953488	0.12376563528637262	0.11594202898550725	0.3236459709379128	0.4552042160737813	1.0	0.4425363276089828	0.27194719471947193	0.2553050397877984	0.2299536116633532	0.1830799735624587	0.13606340819022458	0.14635761589403973	0.15960264900662252	0.13733333333333334	0.1576158940397351	0.19167217448777263	0.13797722705961152	0.11541027351567712	0.08577127659574468	0.07308970099667775	0.08393919365499009	0.08099062918340026	0.08937728937728938	0.06171932402645114	0.043272481406355645	0.03761969904240766	0.03859174001354096	0.01990391214824983	0.028089887640449437	0.03118355776045358	0.02975778546712803	0.03007518796992481	0.030036630036630037	0.022678951098511695	0.036729036729036726	0.041666666666666664	0.0221606648199446	0.022354694485842028	0.025570145127850726	0.017105263157894738	0.031724137931034485	0.026767330130404943	0.016163035839775124	0.01544660846205507	0.015436241610738255	0.013493253373313344	0.013812154696132596	0.013869625520110958	0.017445917655268667	0.015341701534170154	0.013289036544850499	0.013808139534883721	0.014522821576763486	0.011111111111111112	0.009485094850948509	0.016541353383458645
0.07463672391017173	0.09466666666666666	0.12045003309066843	0.09717662508207485	0.11936339522546419	0.09933774834437085	0.10470510271703115	0.12856196156394964	0.1407702523240372	0.13381674357284112	0.13681427627230666	0.31084656084656087	0.3152676801057502	0.4425363276089828	1.0	0.4470198675496689	0.34933333333333333	0.30810092961487384	0.20899470899470898	0.16787838730998017	0.16688741721854305	0.18712674187126743	0.1542056074766355	0.18193891102257637	0.21891534391534392	0.1586021505376344	0.1268357810413885	0.07390146471371505	0.07523302263648468	0.08934480476505625	0.08266129032258064	0.09104258443465492	0.06263817243920412	0.056309362279511534	0.036986301369863014	0.03328804347826087	0.026767330130404943	0.02452697967764541	0.024113475177304965	0.0263705759888966	0.022525597269624574	0.028613352898019074	0.022727272727272728	0.024271844660194174	0.044142614601018676	0.023545706371191136	0.0268857356235997	0.02351313969571231	0.01978891820580475	0.020718232044198894	0.016540317022742935	0.009161381254404511	0.014131897711978465	0.013431833445265278	0.020255063765941484	0.011756569847856155	0.013167013167013167	0.01321279554937413	0.0104675505931612	0.010659560293137908	0.010901162790697675	0.013167013167013167	0.012534818941504178	0.01078167115902965	0.03162650602409638
0.075	0.09333333333333334	0.08113456464379948	0.08752449379490529	0.09973579920739763	0.09294660514172709	0.08432147562582346	0.08597883597883597	0.09609012591119948	0.10197368421052631	0.12673267326732673	0.22244224422442244	0.23680738786279684	0.27194719471947193	0.4470198675496689	1.0	0.453042328042328	0.2958305757776307	0.18014464168310323	0.16348055372445616	0.13984168865435356	0.16203703703703703	0.14760638297872342	0.15476190476190477	0.18956406869220607	0.11466666666666667	0.1122923588039867	0.0915726609157266	0.0711436170212766	0.08338848444738584	0.0818242790073776	0.08217168011738811	0.07709251101321586	0.047908232118758436	0.03819918144611187	0.04121621621621622	0.03772290809327846	0.03865073787772312	0.0353356890459364	0.04281767955801105	0.043003412969283276	0.042584434654919234	0.04184397163120567	0.046993780234968904	0.05636208368915457	0.060124395300621976	0.047512991833704527	0.031098825155494125	0.023668639053254437	0.029634734665747762	0.015753424657534248	0.02600140548137737	0.020889487870619946	0.012072434607645875	0.02694610778443114	0.024810475534114404	0.02491349480968858	0.020905923344947737	0.017385257301808066	0.013944223107569721	0.01744186046511628	0.027643400138217002	0.018711018711018712	0.014925373134328358	0.02245508982035928
0.08289124668435013	0.09402283411685695	0.09223623092236231	0.0936058009228741	0.08933333333333333	0.08244680851063829	0.09163346613545817	0.08577127659574468	0.09358288770053476	0.09416445623342175	0.11502659574468085	0.24435590969455512	0.23920265780730898	0.2553050397877984	0.34933333333333333	0.453042328042328	1.0	0.36593479707252163	0.19442601194426012	0.15904572564612326	0.16101131071190952	0.1972018654230513	0.14621059691482227	0.1810918774966711	0.19827012641383898	0.13709677419354838	0.12056262558606833	0.08355614973262032	0.0814419225634179	0.08805870580386925	0.09501347708894879	0.09734513274336283	0.06784660766961652	0.04897959183673469	0.040521978021978024	0.025221540558963872	0.020718232044198894	0.02264685067232838	0.022775800711743774	0.02571230020847811	0.01646090534979424	0.025055268975681652	0.019943019943019943	0.022964509394572025	0.02495697074010327	0.02573018080667594	0.033582089552238806	0.023578363384188627	0.02052980132450331	0.016655100624566273	0.02063273727647868	0.016231474947071278	0.016227180527383367	0.017591339648173207	0.026276276276276277	0.021483021483021482	0.01602787456445993	0.011913104414856343	0.009776536312849162	0.009370816599732263	0.020378457059679767	0.02359472588480222	0.013956734124214934	0.01084010840108401	0.016541353383458645
0.08333333333333333	0.13453815261044177	0.11994698475811796	0.11439842209072978	0.13404114134041142	0.10941644562334217	0.1158173395102581	0.12566489361702127	0.11874583055370247	0.12343234323432344	0.14437086092715232	0.2848605577689243	0.22480106100795755	0.2299536116633532	0.30810092961487384	0.2958305757776307	0.36593479707252163	1.0	0.3502974223397224	0.23447820343461032	0.23143236074270557	0.27350993377483446	0.20652898067954698	0.24584717607973422	0.29602649006622517	0.18431635388739948	0.16910785619174434	0.11051930758988016	0.09926715522984676	0.09788359788359788	0.11118553248492967	0.12747252747252746	0.08229243203526819	0.05420054200542006	0.04644808743169399	0.037914691943127965	0.030927835051546393	0.030324400564174896	0.028288543140028287	0.028354080221300138	0.03201634877384196	0.03450807635829662	0.02556818181818182	0.02077562326869806	0.030821917808219176	0.034004163775156145	0.039493293591654245	0.04495159059474412	0.036351619299405155	0.027662517289073305	0.03443526170798898	0.027406886858749122	0.02021563342318059	0.0242098184263618	0.02696629213483146	0.023464458247066944	0.026352288488210817	0.019566736547868623	0.014644351464435146	0.019320453031312457	0.02104499274310595	0.029655172413793104	0.01808066759388039	0.014884979702300407	0.04216867469879518
0.05921052631578947	0.08338892595063375	0.100990099009901	0.08704188481675393	0.09927200529450694	0.08755760368663594	0.086899275839368	0.0915726609157266	0.09754479097544791	0.08569545154911008	0.10634081902245707	0.17118307997356247	0.1553205551883675	0.1830799735624587	0.20899470899470898	0.18014464168310323	0.19442601194426012	0.3502974223397224	1.0	0.4413702239789196	0.35997357992073975	0.3110522832561218	0.24584717607973422	0.23809523809523808	0.26354029062087186	0.15620827770360482	0.1430472388556221	0.08167330677290836	0.07840531561461794	0.09126984126984126	0.096579476861167	0.09457478005865103	0.07053637031594416	0.06224627875507442	0.04495912806539509	0.03989181879648411	0.021291208791208792	0.023893183415319746	0.01696113074204947	0.01793103448275862	0.021131561008861623	0.03291880029261156	0.02335456475583864	0.029716655148583276	0.023017902813299233	0.020041465100207326	0.022997032640949554	0.025499655410062026	0.02238314680710994	0.025464556090846524	0.02193283070596299	0.03508771929824561	0.018842530282637954	0.0174496644295302	0.01795063575168287	0.020718232044198894	0.017980636237897647	0.020166898470097356	0.011830201809324982	0.009302325581395349	0.01305293691080493	0.013121546961325966	0.019417475728155338	0.012244897959183673	0.020958083832335328
0.06319947333772219	0.07076101468624833	0.0758575197889182	0.08240680183126227	0.08681245858184228	0.07407407407407407	0.06657877389584707	0.06821192052980132	0.07891246684350132	0.08409986859395532	0.08976897689768977	0.14484126984126985	0.15125495376486128	0.13606340819022458	0.16787838730998017	0.16348055372445616	0.15904572564612326	0.23447820343461032	0.4413702239789196	1.0	0.4453947368421053	0.2769332452081956	0.21632382216323823	0.21589403973509932	0.20726072607260726	0.12709030100334448	0.12002652519893899	0.0849933598937583	0.08416169648774023	0.07992073976221929	0.09012016021361816	0.08029197080291971	0.060805860805860805	0.060810810810810814	0.049829351535836175	0.04051316677920324	0.024640657084188913	0.0273109243697479	0.02468265162200282	0.025534851621808144	0.026512576478585997	0.030679327976625273	0.017692852087756547	0.03038674033149171	0.030612244897959183	0.022821576763485476	0.03115727002967359	0.029655172413793104	0.027649769585253458	0.04264099037138927	0.036301369863013695	0.032890132960111965	0.026845637583892617	0.024080267558528427	0.03134328358208955	0.022711631108052306	0.02	0.017373175816539264	0.024305555555555556	0.01855533465871438	0.02384393063583815	0.022727272727272728	0.018659295093296474	0.012178619756427604	0.02242152466367713
0.06328279499011207	0.0801068090787717	0.07260726072607261	0.06679764243614932	0.07360742705570292	0.07279947054930509	0.06939854593522803	0.06569343065693431	0.08151093439363817	0.07646671061305207	0.07804232804232804	0.14446653412856197	0.13831899404367967	0.14635761589403973	0.16688741721854305	0.13984168865435356	0.16101131071190952	0.23143236074270557	0.35997357992073975	0.4453947368421053	1.0	0.3600264725347452	0.2584717607973422	0.24121935056328694	0.22985468956406868	0.14017437961099932	0.11874583055370247	0.07666666666666666	0.08372093023255814	0.07947019867549669	0.10120643431635389	0.0945054945054945	0.0653930933137399	0.05016949152542373	0.041723666210670314	0.03114421123899797	0.028826355525051476	0.029535864978902954	0.023371104815864022	0.02702702702702703	0.01980874316939891	0.03301540719002201	0.01924447612259444	0.02494802494802495	0.03076923076923077	0.024255024255024255	0.028400597907324365	0.02768166089965398	0.025691699604743084	0.034482758620689655	0.027510316368638238	0.034482758620689655	0.018880647336480108	0.021462105969148222	0.02706766917293233	0.022774327122153208	0.024255024255024255	0.016016713091922007	0.018789144050104383	0.013280212483399735	0.016690856313497822	0.021423635107118175	0.01734906315058987	0.018970189701897018	0.02702702702702703
0.06543291473892927	0.087073007367716	0.08946322067594434	0.07353906762967827	0.08620689655172414	0.09343936381709742	0.08421750663129973	0.08045212765957446	0.09793471019320453	0.09391534391534391	0.11273209549071618	0.2014627659574468	0.167989417989418	0.15960264900662252	0.18712674187126743	0.16203703703703703	0.1972018654230513	0.27350993377483446	0.3110522832561218	0.2769332452081956	0.3600264725347452	1.0	0.4372093023255814	0.343481138318994	0.3038309114927345	0.1725752508361204	0.14790139906728847	0.08831341301460824	0.08921438082556592	0.09343936381709742	0.09859154929577464	0.09750733137829912	0.06911764705882353	0.05416384563303995	0.03556771545827633	0.037889039242219216	0.022664835164835164	0.028109627547434995	0.024734982332155476	0.018005540166204988	0.021828103683492497	0.023443223443223443	0.022743425728500355	0.023496890117484452	0.022998296422487224	0.022176022176022176	0.023809523809523808	0.019337016574585635	0.02247191011235955	0.027624309392265192	0.02127659574468085	0.026685393258426966	0.018842530282637954	0.018145161290322582	0.030688622754491017	0.024861878453038673	0.02008310249307479	0.018156424581005588	0.011821974965229486	0.01734489659773182	0.018115942028985508	0.017265193370165747	0.01457321304649549	0.012195121951219513	0.03453453453453453
0.05444887118193891	0.061114842175957015	0.08244680851063829	0.07251153592617007	0.08649367930805056	0.07119095143047238	0.07779255319148937	0.07789613848202397	0.07949231796927188	0.07043189368770764	0.09060626249167222	0.13560454241816966	0.14123917388407728	0.13733333333333334	0.1542056074766355	0.14760638297872342	0.14621059691482227	0.20652898067954698	0.24584717607973422	0.21632382216323823	0.2584717607973422	0.4372093023255814	1.0	0.4216467463479416	0.2865651886168101	0.14862138533960995	0.12842809364548494	0.09418837675350701	0.09418837675350701	0.09235880398671097	0.10512129380053908	0.09572901325478646	0.07896678966789668	0.061224489795918366	0.0453920220082531	0.04486743711760707	0.029045643153526972	0.029640084685956247	0.019844082211197732	0.021527777777777778	0.015068493150684932	0.02207505518763797	0.015691868758915834	0.025694444444444443	0.027467811158798282	0.025034770514603615	0.0299625468164794	0.0319001386962552	0.026507620941020542	0.03467406380027739	0.033816425120772944	0.027503526093088856	0.02972972972972973	0.030976430976430977	0.03310759969902182	0.030492030492030493	0.03822098679638638	0.0363890832750175	0.024544179523141654	0.022712090848363394	0.021106259097525473	0.029840388619014575	0.01674808094905792	0.02040816326530612	0.0256797583081571
0.06798679867986798	0.09176155391828533	0.09463931171409662	0.08923884514435695	0.08813783962889331	0.07005948446794448	0.08741721854304636	0.0856005308560053	0.09121171770972038	0.08597883597883597	0.11015262110152621	0.17795484727755645	0.15772034459907222	0.1576158940397351	0.18193891102257637	0.15476190476190477	0.1810918774966711	0.24584717607973422	0.23809523809523808	0.21589403973509932	0.24121935056328694	0.343481138318994	0.4216467463479416	1.0	0.39986824769433466	0.18084393837910248	0.1485676215856096	0.10659560293137908	0.09973404255319149	0.10575016523463318	0.11148421759570182	0.1144534115920763	0.07947019867549669	0.056081081081081084	0.04722792607802875	0.03929539295392954	0.02403846153846154	0.03302881236823612	0.021231422505307854	0.027662517289073305	0.027266530334014997	0.03085966201322557	0.017045454545454544	0.028354080221300138	0.032423208191126277	0.027064538514920196	0.028315946348733235	0.029696132596685083	0.02574257425742574	0.033863165169315826	0.030927835051546393	0.028832630098452883	0.02899527983816588	0.026244952893674293	0.03383458646616541	0.03729281767955801	0.0368567454798331	0.034193998604326585	0.025819958129797628	0.01801200800533689	0.02104499274310595	0.02491349480968858	0.024356297842727904	0.018995929443690638	0.04504504504504504
0.10013175230566534	0.1561040693795864	0.13399339933993398	0.12026143790849673	0.14484126984126985	0.10119047619047619	0.10039630118890357	0.1255783212161269	0.12185430463576159	0.12187088274044795	0.1566424322538004	0.27314814814814814	0.19960343688037013	0.19167217448777263	0.21891534391534392	0.18956406869220607	0.19827012641383898	0.29602649006622517	0.26354029062087186	0.20726072607260726	0.22985468956406868	0.3038309114927345	0.2865651886168101	0.39986824769433466	1.0	0.3197324414715719	0.267109634551495	0.150730411686587	0.1347941567065073	0.1391820580474934	0.1499330655957162	0.16093635698610095	0.11070381231671554	0.06558485463150777	0.045081967213114756	0.03783783783783784	0.027434842249657063	0.026629292221443588	0.021216407355021217	0.024844720496894408	0.016337644656228726	0.03733528550512445	0.020552799433026223	0.028985507246376812	0.03659574468085106	0.029778393351800554	0.030483271375464683	0.022053756030323914	0.018421052631578946	0.025499655410062026	0.02193283070596299	0.02030812324929972	0.02214765100671141	0.019410977242302542	0.024645257654966394	0.020689655172413793	0.01660899653979239	0.021572720946416143	0.01532033426183844	0.01195219123505976	0.017378711078928313	0.02413793103448276	0.01457321304649549	0.006775067750677507	0.04328358208955224
0.104	0.14614343707713126	0.11997319034852547	0.11354581673306773	0.13557046979865772	0.09370816599732262	0.10367892976588629	0.10879785090664876	0.101546738399462	0.10167224080267559	0.12483221476510067	0.19651240778001342	0.13931681178834562	0.13797722705961152	0.1586021505376344	0.11466666666666667	0.13709677419354838	0.18431635388739948	0.15620827770360482	0.12709030100334448	0.14017437961099932	0.1725752508361204	0.14862138533960995	0.18084393837910248	0.3197324414715719	1.0	0.4838492597577389	0.28523489932885904	0.21293800539083557	0.22623828647925034	0.21839080459770116	0.22008862629246675	0.15738678544914625	0.11186903137789904	0.08258774948382656	0.06284153005464481	0.029861111111111113	0.038461538461538464	0.03136136849607983	0.0335195530726257	0.029696132596685083	0.03545051698670606	0.025107604017216643	0.044086773967809655	0.03982683982683983	0.03556485355648536	0.03659447348767737	0.031315240083507306	0.021333333333333333	0.022253129346314324	0.02286902286902287	0.0255500354861604	0.023113528212100613	0.023066485753052916	0.024849397590361446	0.02857142857142857	0.029411764705882353	0.029619181946403384	0.023792862141357594	0.017484868863483525	0.023323615160349854	0.031337047353760444	0.02452697967764541	0.014986376021798364	0.07819548872180451
0.09163346613545817	0.11395819285232636	0.1114076050700467	0.10634081902245707	0.114	0.09006004002668445	0.10033222591362126	0.1000667111407605	0.09966555183946488	0.08831341301460824	0.11451398135818908	0.16688918558077437	0.13266666666666665	0.11541027351567712	0.1268357810413885	0.1122923588039867	0.12056262558606833	0.16910785619174434	0.1430472388556221	0.12002652519893899	0.11874583055370247	0.14790139906728847	0.12842809364548494	0.1485676215856096	0.267109634551495	0.4838492597577389	1.0	0.4380825565912117	0.2952571810287241	0.2838196286472148	0.25554808338937457	0.24193548387096775	0.15288035450516987	0.12423625254582485	0.08367626886145405	0.05302515295717199	0.035886818495514144	0.045038705137227304	0.034066713981547196	0.03393351800554017	0.03216974674880219	0.03671071953010279	0.029850746268656716	0.034004163775156145	0.03598971722365039	0.03549060542797495	0.0351008215085885	0.025052192066805846	0.01996007984031936	0.02912621359223301	0.02768166089965398	0.019746121297602257	0.019581363943281565	0.018255578093306288	0.02329075882794891	0.022222222222222223	0.022268615170494086	0.0196078431372549	0.0161177295024527	0.012726054922973878	0.013828238719068414	0.011805555555555555	0.015363128491620111	0.013642564802182811	0.11694152923538231
0.06693174287607687	0.06586021505376344	0.07123834886817576	0.07834101382488479	0.09314703925482369	0.061835106382978726	0.0598404255319149	0.06595602931379081	0.06404269513008673	0.0643236074270557	0.07446808510638298	0.10733333333333334	0.08655126498002663	0.08577127659574468	0.07390146471371505	0.0915726609157266	0.08355614973262032	0.11051930758988016	0.08167330677290836	0.0849933598937583	0.07666666666666666	0.08831341301460824	0.09418837675350701	0.10659560293137908	0.150730411686587	0.28523489932885904	0.4380825565912117	1.0	0.4482988659106071	0.3929754804506296	0.30913978494623656	0.22320117474302498	0.15793357933579336	0.13075880758807587	0.07338820301783265	0.07739307535641547	0.05303030303030303	0.04234297812279464	0.035486160397444996	0.035416666666666666	0.02880658436213992	0.03747244673034533	0.02993585174625802	0.03259361997226075	0.044596912521440824	0.03467406380027739	0.033582089552238806	0.03744798890429958	0.02185430463576159	0.035318559556786706	0.03583735354927636	0.02611150317572336	0.0310391363022942	0.0310391363022942	0.031578947368421054	0.023529411764705882	0.029227557411273485	0.034289713086074175	0.022408963585434174	0.022073578595317726	0.035688273852876914	0.02847222222222222	0.023743016759776536	0.024324324324324326	0.05572289156626506
0.06618133686300463	0.05771812080536913	0.06370272063702721	0.06455862977602109	0.10585885486018642	0.06582446808510638	0.059800664451827246	0.05392809587217044	0.04876419505678023	0.05757776307081403	0.0617120106171201	0.09333333333333334	0.08438538205980066	0.07308970099667775	0.07523302263648468	0.0711436170212766	0.0814419225634179	0.09926715522984676	0.07840531561461794	0.08416169648774023	0.08372093023255814	0.08921438082556592	0.09418837675350701	0.09973404255319149	0.1347941567065073	0.21293800539083557	0.2952571810287241	0.4482988659106071	1.0	0.4807692307692308	0.3205387205387205	0.22703894195444527	0.1662971175166297	0.14072059823249491	0.10775566231983527	0.08021753908905506	0.0577716643741403	0.057122708039492244	0.0412224591329069	0.04781704781704782	0.0410958904109589	0.0425531914893617	0.040482954545454544	0.04435204435204435	0.04366438356164384	0.04996530187369882	0.06581899775617053	0.05412907702984039	0.03772336201191264	0.05128205128205128	0.04071773636991028	0.04507042253521127	0.035111411208642807	0.04054054054054054	0.038345864661654135	0.04221453287197232	0.04441360166551006	0.0440251572327044	0.037037037037037035	0.03609625668449198	0.03717201166180758	0.05690492713393477	0.03558967201674808	0.02592087312414734	0.06456456456456457
0.07062706270627063	0.058823529411764705	0.0728476821192053	0.066973079448457	0.09549071618037135	0.05964214711729622	0.06406869220607662	0.06108897742363878	0.05123087159015303	0.05738786279683377	0.05757776307081403	0.08698539176626827	0.07544672402382528	0.08393919365499009	0.08934480476505625	0.08338848444738584	0.08805870580386925	0.09788359788359788	0.09126984126984126	0.07992073976221929	0.07947019867549669	0.09343936381709742	0.09235880398671097	0.10575016523463318	0.1391820580474934	0.22623828647925034	0.2838196286472148	0.3929754804506296	0.4807692307692308	1.0	0.46092184368737477	0.2893586005830904	0.1880969875091844	0.1765498652291105	0.1301976823449216	0.08980418636056718	0.05259562841530055	0.053258584442887176	0.03596614950634697	0.042729152308752585	0.03680981595092025	0.04449307075127644	0.04314002828854314	0.05310344827586207	0.059625212947189095	0.04212707182320442	0.045319465081723624	0.0462707182320442	0.030343007915567283	0.0440467997247075	0.03502747252747253	0.039943938332165384	0.03089321692411014	0.03085177733065057	0.04185351270553064	0.03522099447513812	0.031767955801104975	0.03822098679638638	0.04105775922059847	0.029235880398671095	0.0274765003615329	0.03236914600550964	0.043055555555555555	0.04183535762483131	0.06437125748502993
